59177829177
59177829178
59177829179
59177829180
59177829181
59177829182
59177829183
59177829184
59177829185
59177829186
59177829187
59177829188
59177829189
59177829190
59177829191
59177829192
59177829193
59177829194
59177829195
59177829196
59177829197
59177829198
59177829199
59177829200
59177829201
59177829202
59177829203
59177829204
59177829205
59177829206
59177829207
59177829208
59177829209
59177829210
59177829211
59177829212
59177829213
59177829214
59177829215
59177829216
59177829217
59177829218
59177829219
59177829220
59177829221
59177829222
59177829223
59177829224
59177829225
59177829226
59177829227
59177829228
59177829229
59177829230
59177829231
59177829232
59177829233
59177829234
59177829235
59177829236
59177829237
59177829238
59177829239
59177829240
59177829241
59177829242
59177829243
59177829244
59177829245
59177829246
59177829247
59177829248
59177829249
59177829250
59177829251
59177829252
59177829253
59177829254
59177829255
59177829256
59177829257
59177829258
59177829259
59177829260
59177829261
59177829262
59177829263
59177829264
59177829265
59177829266
59177829267
59177829268
59177829269
59177829270
59177829271
59177829272
59177829273
59177829274
59177829275
59177829276
59177829277
59177829278
59177829279
59177829280
59177829281
59177829282
59177829283
59177829284
59177829285
59177829286
59177829287
59177829288
59177829289
59177829290
59177829291
59177829292
59177829293
59177829294
59177829295
59177829296
59177829297
59177829298
59177829299
59177829300
59177829301
59177829302
59177829303
59177829304
59177829305
59177829306
59177829307
59177829308
59177829309
59177829310
59177829311
59177829312
59177829313
59177829314
59177829315
59177829316
59177829317
59177829318
59177829319
59177829320
59177829321
59177829322
59177829323
59177829324
59177829325
59177829326
59177829327
59177829328
59177829329
59177829330
59177829331
59177829332
59177829333
59177829334
59177829335
59177829336
59177829337
59177829338
59177829339
59177829340
59177829341
59177829342
59177829343
59177829344
59177829345
59177829346
59177829347
59177829348
59177829349
59177829350
59177829351
59177829352
59177829353
59177829354
59177829355
59177829356
59177829357
59177829358
59177829359
59177829360
59177829361
59177829362
59177829363
59177829364
59177829365
59177829366
59177829367
59177829368
59177829369
59177829370
59177829371
59177829372
59177829373
59177829374
59177829375
59177829376
59177829377
59177829378
59177829379
59177829380
59177829381
59177829382
59177829383
59177829384
59177829385
59177829386
59177829387
59177829388
59177829389
59177829390
59177829391
59177829392
59177829393
59177829394
59177829395
59177829396
59177829397
59177829398
59177829399
59177829400
59177829401
59177829402
59177829403
59177829404
59177829405
59177829406
59177829407
59177829408
59177829409
59177829410
59177829411
59177829412
59177829413
59177829414
59177829415
59177829416
59177829417
59177829418
59177829419
59177829420
59177829421
59177829422
59177829423
59177829424
59177829425
59177829426
59177829427
59177829428
59177829429
59177829430
59177829431
59177829432
59177829433
59177829434
59177829435
59177829436
59177829437
59177829438
59177829439
59177829440
59177829441
59177829442
59177829443
59177829444
59177829445
59177829446
59177829447
59177829448
59177829449
59177829450
59177829451
59177829452
59177829453
59177829454
59177829455
59177829456
59177829457
59177829458
59177829459
59177829460
59177829461
59177829462
59177829463
59177829464
59177829465
59177829466
59177829467
59177829468
59177829469
59177829470
59177829471
59177829472
59177829473
59177829474
59177829475
59177829476
59177829477
59177829478
59177829479
59177829480
59177829481
59177829482
59177829483
59177829484
59177829485
59177829486
59177829487
59177829488
59177829489
59177829490
59177829491
59177829492
59177829493
59177829494
59177829495
59177829496
59177829497
59177829498
59177829499
59177829500
59177829501
59177829502
59177829503
59177829504
59177829505
59177829506
59177829507
59177829508
59177829509
59177829510
59177829511
59177829512
59177829513
59177829514
59177829515
59177829516
59177829517
59177829518
59177829519
59177829520
59177829521
59177829522
59177829523
59177829524
59177829525
59177829526
59177829527
59177829528
59177829529
59177829530
59177829531
59177829532
59177829533
59177829534
59177829535
59177829536
59177829537
59177829538
59177829539
59177829540
59177829541
59177829542
59177829543
59177829544
59177829545
59177829546
59177829547
59177829548
59177829549
59177829550
59177829551
59177829552
59177829553
59177829554
59177829555
59177829556
59177829557
59177829558
59177829559
59177829560
59177829561
59177829562
59177829563
59177829564
59177829565
59177829566
59177829567
59177829568
59177829569
59177829570
59177829571
59177829572
59177829573
59177829574
59177829575
59177829576
59177829577
59177829578
59177829579
59177829580
59177829581
59177829582
59177829583
59177829584
59177829585
59177829586
59177829587
59177829588
59177829589
59177829590
59177829591
59177829592
59177829593
59177829594
59177829595
59177829596
59177829597
59177829598
59177829599
59177829600
59177829601
59177829602
59177829603
59177829604
59177829605
59177829606
59177829607
59177829608
59177829609
59177829610
59177829611
59177829612
59177829613
59177829614
59177829615
59177829616
59177829617
59177829618
59177829619
59177829620
59177829621
59177829622
59177829623
59177829624
59177829625
59177829626
59177829627
59177829628
59177829629
59177829630
59177829631
59177829632
59177829633
59177829634
59177829635
59177829636
59177829637
59177829638
59177829639
59177829640
59177829641
59177829642
59177829643
59177829644
59177829645
59177829646
59177829647
59177829648
59177829649
59177829650
59177829651
59177829652
59177829653
59177829654
59177829655
59177829656
59177829657
59177829658
59177829659
59177829660
59177829661
59177829662
59177829663
59177829664
59177829665
59177829666
59177829667
59177829668
59177829669
59177829670
59177829671
59177829672
59177829673
59177829674
59177829675
59177829676
59177829677
59177829678
59177829679
59177829680
59177829681
59177829682
59177829683
59177829684
59177829685
59177829686
59177829687
59177829688
59177829689
59177829690
59177829691
59177829692
59177829693
59177829694
59177829695
59177829696
59177829697
59177829698
59177829699
59177829700
59177829701
59177829702
59177829703
59177829704
59177829705
59177829706
59177829707
59177829708
59177829709
59177829710
59177829711
59177829712
59177829713
59177829714
59177829715
59177829716
59177829717
59177829718
59177829719
59177829720
59177829721
59177829722
59177829723
59177829724
59177829725
59177829726
59177829727
59177829728
59177829729
59177829730
59177829731
59177829732
59177829733
59177829734
59177829735
59177829736
59177829737
59177829738
59177829739
59177829740
59177829741
59177829742
59177829743
59177829744
59177829745
59177829746
59177829747
59177829748
59177829749
59177829750
59177829751
59177829752
59177829753
59177829754
59177829755
59177829756
59177829757
59177829758
59177829759
59177829760
59177829761
59177829762
59177829763
59177829764
59177829765
59177829766
59177829767
59177829768
59177829769
59177829770
59177829771
59177829772
59177829773
59177829774
59177829775
59177829776
59177829777
59177829778
59177829779
59177829780
59177829781
59177829782
59177829783
59177829784
59177829785
59177829786
59177829787
59177829788
59177829789
59177829790
59177829791
59177829792
59177829793
59177829794
59177829795
59177829796
59177829797
59177829798
59177829799
59177829800
59177829801
59177829802
59177829803
59177829804
59177829805
59177829806
59177829807
59177829808
59177829809
59177829810
59177829811
59177829812
59177829813
59177829814
59177829815
59177829816
59177829817
59177829818
59177829819
59177829820
59177829821
59177829822
59177829823
59177829824
59177829825
59177829826
59177829827
59177829828
59177829829
59177829830
59177829831
59177829832
59177829833
59177829834
59177829835
59177829836
59177829837
59177829838
59177829839
59177829840
59177829841
59177829842
59177829843
59177829844
59177829845
59177829846
59177829847
59177829848
59177829849
59177829850
59177829851
59177829852
59177829853
59177829854
59177829855
59177829856
59177829857
59177829858
59177829859
59177829860
59177829861
59177829862
59177829863
59177829864
59177829865
59177829866
59177829867
59177829868
59177829869
59177829870
59177829871
59177829872
59177829873
59177829874
59177829875
59177829876
59177829877
59177829878
59177829879
59177829880
59177829881
59177829882
59177829883
59177829884
59177829885
59177829886
59177829887
59177829888
59177829889
59177829890
59177829891
59177829892
59177829893
59177829894
59177829895
59177829896
59177829897
59177829898
59177829899
59177829900
59177829901
59177829902
59177829903
59177829904
59177829905
59177829906
59177829907
59177829908
59177829909
59177829910
59177829911
59177829912
59177829913
59177829914
59177829915
59177829916
59177829917
59177829918
59177829919
59177829920
59177829921
59177829922
59177829923
59177829924
59177829925
59177829926
59177829927
59177829928
59177829929
59177829930
59177829931
59177829932
59177829933
59177829934
59177829935
59177829936
59177829937
59177829938
59177829939
59177829940
59177829941
59177829942
59177829943
59177829944
59177829945
59177829946
59177829947
59177829948
59177829949
59177829950
59177829951
59177829952
59177829953
59177829954
59177829955
59177829956
59177829957
59177829958
59177829959
59177829960
59177829961
59177829962
59177829963
59177829964
59177829965
59177829966
59177829967
59177829968
59177829969
59177829970
59177829971
59177829972
59177829973
59177829974
59177829975
59177829976
59177829977
59177829978
59177829979
59177829980
59177829981
59177829982
59177829983
59177829984
59177829985
59177829986
59177829987
59177829988
59177829989
59177829990
59177829991
59177829992
59177829993
59177829994
59177829995
59177829996
59177829997
59177829998
59177829999
59177830000
59177830001
59177830002
59177830003
59177830004
59177830005
59177830006
59177830007
59177830008
59177830009
59177830010
59177830011
59177830012
59177830013
59177830014
59177830015
59177830016
59177830017
59177830018
59177830019
59177830020
59177830021
59177830022
59177830023
59177830024
59177830025
59177830026
59177830027
59177830028
59177830029
59177830030
59177830031
59177830032
59177830033
59177830034
59177830035
59177830036
59177830037
59177830038
59177830039
59177830040
59177830041
59177830042
59177830043
59177830044
59177830045
59177830046
59177830047
59177830048
59177830049
59177830050
59177830051
59177830052
59177830053
59177830054
59177830055
59177830056
59177830057
59177830058
59177830059
59177830060
59177830061
59177830062
59177830063
59177830064
59177830065
59177830066
59177830067
59177830068
59177830069
59177830070
59177830071
59177830072
59177830073
59177830074
59177830075
59177830076
59177830077
59177830078
59177830079
59177830080
59177830081
59177830082
59177830083
59177830084
59177830085
59177830086
59177830087
59177830088
59177830089
59177830090
59177830091
59177830092
59177830093
59177830094
59177830095
59177830096
59177830097
59177830098
59177830099
59177830100
59177830101
59177830102
59177830103
59177830104
59177830105
59177830106
59177830107
59177830108
59177830109
59177830110
59177830111
59177830112
59177830113
59177830114
59177830115
59177830116
59177830117
59177830118
59177830119
59177830120
59177830121
59177830122
59177830123
59177830124
59177830125
59177830126
59177830127
59177830128
59177830129
59177830130
59177830131
59177830132
59177830133
59177830134
59177830135
59177830136
59177830137
59177830138
59177830139
59177830140
59177830141
59177830142
59177830143
59177830144
59177830145
59177830146
59177830147
59177830148
59177830149
59177830150
59177830151
59177830152
59177830153
59177830154
59177830155
59177830156
59177830157
59177830158
59177830159
59177830160
59177830161
59177830162
59177830163
59177830164
59177830165
59177830166
59177830167
59177830168
59177830169
59177830170
59177830171
59177830172
59177830173
59177830174
59177830175
59177830176
59177830177
59177830178
59177830179
59177830180
59177830181
59177830182
59177830183
59177830184
59177830185
59177830186
59177830187
59177830188
59177830189
59177830190
59177830191
59177830192
59177830193
59177830194
59177830195
59177830196
59177830197
59177830198
59177830199
59177830200
59177830201
59177830202
59177830203
59177830204
59177830205
59177830206
59177830207
59177830208
59177830209
59177830210
59177830211
59177830212
59177830213
59177830214
59177830215
59177830216
59177830217
59177830218
59177830219
59177830220
59177830221
59177830222
59177830223
59177830224
59177830225
59177830226
59177830227
59177830228
59177830229
59177830230
59177830231
59177830232
59177830233
59177830234
59177830235
59177830236
59177830237
59177830238
59177830239
59177830240
59177830241
59177830242
59177830243
59177830244
59177830245
59177830246
59177830247
59177830248
59177830249
59177830250
59177830251
59177830252
59177830253
59177830254
59177830255
59177830256
59177830257
59177830258
59177830259
59177830260
59177830261
59177830262
59177830263
59177830264
59177830265
59177830266
59177830267
59177830268
59177830269
59177830270
59177830271
59177830272
59177830273
59177830274
59177830275
59177830276
59177830277
59177830278
59177830279
59177830280
59177830281
59177830282
59177830283
59177830284
59177830285
59177830286
59177830287
59177830288
59177830289
59177830290
59177830291
59177830292
59177830293
59177830294
59177830295
59177830296
59177830297
59177830298
59177830299
59177830300
59177830301
59177830302
59177830303
59177830304
59177830305
59177830306
59177830307
59177830308
59177830309
59177830310
59177830311
59177830312
59177830313
59177830314
59177830315
59177830316
59177830317
59177830318
59177830319
59177830320
59177830321
59177830322
59177830323
59177830324
59177830325
59177830326
59177830327
59177830328
59177830329
59177830330
59177830331
59177830332
59177830333
59177830334
59177830335
59177830336
59177830337
59177830338
59177830339
59177830340
59177830341
59177830342
59177830343
59177830344
59177830345
59177830346
59177830347
59177830348
59177830349
59177830350
59177830351
59177830352
59177830353
59177830354
59177830355
59177830356
59177830357
59177830358
59177830359
59177830360
59177830361
59177830362
59177830363
59177830364
59177830365
59177830366
59177830367
59177830368
59177830369
59177830370
59177830371
59177830372
59177830373
59177830374
59177830375
59177830376
59177830377
59177830378
59177830379
59177830380
59177830381
59177830382
59177830383
59177830384
59177830385
59177830386
59177830387
59177830388
59177830389
59177830390
59177830391
59177830392
59177830393
59177830394
59177830395
59177830396
59177830397
59177830398
59177830399
59177830400
59177830401
59177830402
59177830403
59177830404
59177830405
59177830406
59177830407
59177830408
59177830409
59177830410
59177830411
59177830412
59177830413
59177830414
59177830415
59177830416
59177830417
59177830418
59177830419
59177830420
59177830421
59177830422
59177830423
59177830424
59177830425
59177830426
59177830427
59177830428
59177830429
59177830430
59177830431
59177830432
59177830433
59177830434
59177830435
59177830436
59177830437
59177830438
59177830439
59177830440
59177830441
59177830442
59177830443
59177830444
59177830445
59177830446
59177830447
59177830448
59177830449
59177830450
59177830451
59177830452
59177830453
59177830454
59177830455
59177830456
59177830457
59177830458
59177830459
59177830460
59177830461
59177830462
59177830463
59177830464
59177830465
59177830466
59177830467
59177830468
59177830469
59177830470
59177830471
59177830472
59177830473
59177830474
59177830475
59177830476
59177830477
59177830478
59177830479
59177830480
59177830481
59177830482
59177830483
59177830484
59177830485
59177830486
59177830487
59177830488
59177830489
59177830490
59177830491
59177830492
59177830493
59177830494
59177830495
59177830496
59177830497
59177830498
59177830499
59177830500
59177830501
59177830502
59177830503
59177830504
59177830505
59177830506
59177830507
59177830508
59177830509
59177830510
59177830511
59177830512
59177830513
59177830514
59177830515
59177830516
59177830517
59177830518
59177830519
59177830520
59177830521
59177830522
59177830523
59177830524
59177830525
59177830526
59177830527
59177830528
59177830529
59177830530
59177830531
59177830532
59177830533
59177830534
59177830535
59177830536
59177830537
59177830538
59177830539
59177830540
59177830541
59177830542
59177830543
59177830544
59177830545
59177830546
59177830547
59177830548
59177830549
59177830550
59177830551
59177830552
59177830553
59177830554
59177830555
59177830556
59177830557
59177830558
59177830559
59177830560
59177830561
59177830562
59177830563
59177830564
59177830565
59177830566
59177830567
59177830568
59177830569
59177830570
59177830571
59177830572
59177830573
59177830574
59177830575
59177830576
59177830577
59177830578
59177830579
59177830580
59177830581
59177830582
59177830583
59177830584
59177830585
59177830586
59177830587
59177830588
59177830589
59177830590
59177830591
59177830592
59177830593
59177830594
59177830595
59177830596
59177830597
59177830598
59177830599
59177830600
59177830601
59177830602
59177830603
59177830604
59177830605
59177830606
59177830607
59177830608
59177830609
59177830610
59177830611
59177830612
59177830613
59177830614
59177830615
59177830616
59177830617
59177830618
59177830619
59177830620
59177830621
59177830622
59177830623
59177830624
59177830625
59177830626
59177830627
59177830628
59177830629
59177830630
59177830631
59177830632
59177830633
59177830634
59177830635
59177830636
59177830637
59177830638
59177830639
59177830640
59177830641
59177830642
59177830643
59177830644
59177830645
59177830646
59177830647
59177830648
59177830649
59177830650
59177830651
59177830652
59177830653
59177830654
59177830655
59177830656
59177830657
59177830658
59177830659
59177830660
59177830661
59177830662
59177830663
59177830664
59177830665
59177830666
59177830667
59177830668
59177830669
59177830670
59177830671
59177830672
59177830673
59177830674
59177830675
59177830676
59177830677
59177830678
59177830679
59177830680
59177830681
59177830682
59177830683
59177830684
59177830685
59177830686
59177830687
59177830688
59177830689
59177830690
59177830691
59177830692
59177830693
59177830694
59177830695
59177830696
59177830697
59177830698
59177830699
59177830700
59177830701
59177830702
59177830703
59177830704
59177830705
59177830706
59177830707
59177830708
59177830709
59177830710
59177830711
59177830712
59177830713
59177830714
59177830715
59177830716
59177830717
59177830718
59177830719
59177830720
59177830721
59177830722
59177830723
59177830724
59177830725
59177830726
59177830727
59177830728
59177830729
59177830730
59177830731
59177830732
59177830733
59177830734
59177830735
59177830736
59177830737
59177830738
59177830739
59177830740
59177830741
59177830742
59177830743
59177830744
59177830745
59177830746
59177830747
59177830748
59177830749
59177830750
59177830751
59177830752
59177830753
59177830754
59177830755
59177830756
59177830757
59177830758
59177830759
59177830760
59177830761
59177830762
59177830763
59177830764
59177830765
59177830766
59177830767
59177830768
59177830769
59177830770
59177830771
59177830772
59177830773
59177830774
59177830775
59177830776
59177830777
59177830778
59177830779
59177830780
59177830781
59177830782
59177830783
59177830784
59177830785
59177830786
59177830787
59177830788
59177830789
59177830790
59177830791
59177830792
59177830793
59177830794
59177830795
59177830796
59177830797
59177830798
59177830799
59177830800
59177830801
59177830802
59177830803
59177830804
59177830805
59177830806
59177830807
59177830808
59177830809
59177830810
59177830811
59177830812
59177830813
59177830814
59177830815
59177830816
59177830817
59177830818
59177830819
59177830820
59177830821
59177830822
59177830823
59177830824
59177830825
59177830826
59177830827
59177830828
59177830829
59177830830
59177830831
59177830832
59177830833
59177830834
59177830835
59177830836
59177830837
59177830838
59177830839
59177830840
59177830841
59177830842
59177830843
59177830844
59177830845
59177830846
59177830847
59177830848
59177830849
59177830850
59177830851
59177830852
59177830853
59177830854
59177830855
59177830856
59177830857
59177830858
59177830859
59177830860
59177830861
59177830862
59177830863
59177830864
59177830865
59177830866
59177830867
59177830868
59177830869
59177830870
59177830871
59177830872
59177830873
59177830874
59177830875
59177830876
59177830877
59177830878
59177830879
59177830880
59177830881
59177830882
59177830883
59177830884
59177830885
59177830886
59177830887
59177830888
59177830889
59177830890
59177830891
59177830892
59177830893
59177830894
59177830895
59177830896
59177830897
59177830898
59177830899
59177830900
59177830901
59177830902
59177830903
59177830904
59177830905
59177830906
59177830907
59177830908
59177830909
59177830910
59177830911
59177830912
59177830913
59177830914
59177830915
59177830916
59177830917
59177830918
59177830919
59177830920
59177830921
59177830922
59177830923
59177830924
59177830925
59177830926
59177830927
59177830928
59177830929
59177830930
59177830931
59177830932
59177830933
59177830934
59177830935
59177830936
59177830937
59177830938
59177830939
59177830940
59177830941
59177830942
59177830943
59177830944
59177830945
59177830946
59177830947
59177830948
59177830949
59177830950
59177830951
59177830952
59177830953
59177830954
59177830955
59177830956
59177830957
59177830958
59177830959
59177830960
59177830961
59177830962
59177830963
59177830964
59177830965
59177830966
59177830967
59177830968
59177830969
59177830970
59177830971
59177830972
59177830973
59177830974
59177830975
59177830976
59177830977
59177830978
59177830979
59177830980
59177830981
59177830982
59177830983
59177830984
59177830985
59177830986
59177830987
59177830988
59177830989
59177830990
59177830991
59177830992
59177830993
59177830994
59177830995
59177830996
59177830997
59177830998
59177830999
59177831000
59177831001
59177831002
59177831003
59177831004
59177831005
59177831006
59177831007
59177831008
59177831009
59177831010
59177831011
59177831012
59177831013
59177831014
59177831015
59177831016
59177831017
59177831018
59177831019
59177831020
59177831021
59177831022
59177831023
59177831024
59177831025
59177831026
59177831027
59177831028
59177831029
59177831030
59177831031
59177831032
59177831033
59177831034
59177831035
59177831036
59177831037
59177831038
59177831039
59177831040
59177831041
59177831042
59177831043
59177831044
59177831045
59177831046
59177831047
59177831048
59177831049
59177831050
59177831051
59177831052
59177831053
59177831054
59177831055
59177831056
59177831057
59177831058
59177831059
59177831060
59177831061
59177831062
59177831063
59177831064
59177831065
59177831066
59177831067
59177831068
59177831069
59177831070
59177831071
59177831072
59177831073
59177831074
59177831075
59177831076
59177831077
59177831078
59177831079
59177831080
59177831081
59177831082
59177831083
59177831084
59177831085
59177831086
59177831087
59177831088
59177831089
59177831090
59177831091
59177831092
59177831093
59177831094
59177831095
59177831096
59177831097
59177831098
59177831099
59177831100
59177831101
59177831102
59177831103
59177831104
59177831105
59177831106
59177831107
59177831108
59177831109
59177831110
59177831111
59177831112
59177831113
59177831114
59177831115
59177831116
59177831117
59177831118
59177831119
59177831120
59177831121
59177831122
59177831123
59177831124
59177831125
59177831126
59177831127
59177831128
59177831129
59177831130
59177831131
59177831132
59177831133
59177831134
59177831135
59177831136
59177831137
59177831138
59177831139
59177831140
59177831141
59177831142
59177831143
59177831144
59177831145
59177831146
59177831147
59177831148
59177831149
59177831150
59177831151
59177831152
59177831153
59177831154
59177831155
59177831156
59177831157
59177831158
59177831159
59177831160
59177831161
59177831162
59177831163
59177831164
59177831165
59177831166
59177831167
59177831168
59177831169
59177831170
59177831171
59177831172
59177831173
59177831174
59177831175
59177831176
59177831177
59177831178
59177831179
59177831180
59177831181
59177831182
59177831183
59177831184
59177831185
59177831186
59177831187
59177831188
59177831189
59177831190
59177831191
59177831192
59177831193
59177831194
59177831195
59177831196
59177831197
59177831198
59177831199
59177831200
59177831201
59177831202
59177831203
59177831204
59177831205
59177831206
59177831207
59177831208
59177831209
59177831210
59177831211
59177831212
59177831213
59177831214
59177831215
59177831216
59177831217
59177831218
59177831219
59177831220
59177831221
59177831222
59177831223
59177831224
59177831225
59177831226
59177831227
59177831228
59177831229
59177831230
59177831231
59177831232
59177831233
59177831234
59177831235
59177831236
59177831237
59177831238
59177831239
59177831240
59177831241
59177831242
59177831243
59177831244
59177831245
59177831246
59177831247
59177831248
59177831249
59177831250
59177831251
59177831252
59177831253
59177831254
59177831255
59177831256
59177831257
59177831258
59177831259
59177831260
59177831261
59177831262
59177831263
59177831264
59177831265
59177831266
59177831267
59177831268
59177831269
59177831270
59177831271
59177831272
59177831273
59177831274
59177831275
59177831276
59177831277
59177831278
59177831279
59177831280
59177831281
59177831282
59177831283
59177831284
59177831285
59177831286
59177831287
59177831288
59177831289
59177831290
59177831291
59177831292
59177831293
59177831294
59177831295
59177831296
59177831297
59177831298
59177831299
59177831300
59177831301
59177831302
59177831303
59177831304
59177831305
59177831306
59177831307
59177831308
59177831309
59177831310
59177831311
59177831312
59177831313
59177831314
59177831315
59177831316
59177831317
59177831318
59177831319
59177831320
59177831321
59177831322
59177831323
59177831324
59177831325
59177831326
59177831327
59177831328
59177831329
59177831330
59177831331
59177831332
59177831333
59177831334
59177831335
59177831336
59177831337
59177831338
59177831339
59177831340
59177831341
59177831342
59177831343
59177831344
59177831345
59177831346
59177831347
59177831348
59177831349
59177831350
59177831351
59177831352
59177831353
59177831354
59177831355
59177831356
59177831357
59177831358
59177831359
59177831360
59177831361
59177831362
59177831363
59177831364
59177831365
59177831366
59177831367
59177831368
59177831369
59177831370
59177831371
59177831372
59177831373
59177831374
59177831375
59177831376
59177831377
59177831378
59177831379
59177831380
59177831381
59177831382
59177831383
59177831384
59177831385
59177831386
59177831387
59177831388
59177831389
59177831390
59177831391
59177831392
59177831393
59177831394
59177831395
59177831396
59177831397
59177831398
59177831399
59177831400
59177831401
59177831402
59177831403
59177831404
59177831405
59177831406
59177831407
59177831408
59177831409
59177831410
59177831411
59177831412
59177831413
59177831414
59177831415
59177831416
59177831417
59177831418
59177831419
59177831420
59177831421
59177831422
59177831423
59177831424
59177831425
59177831426
59177831427
59177831428
59177831429
59177831430
59177831431
59177831432
59177831433
59177831434
59177831435
59177831436
59177831437
59177831438
59177831439
59177831440
59177831441
59177831442
59177831443
59177831444
59177831445
59177831446
59177831447
59177831448
59177831449
59177831450
59177831451
59177831452
59177831453
59177831454
59177831455
59177831456
59177831457
59177831458
59177831459
59177831460
59177831461
59177831462
59177831463
59177831464
59177831465
59177831466
59177831467
59177831468
59177831469
59177831470
59177831471
59177831472
59177831473
59177831474
59177831475
59177831476
59177831477
59177831478
59177831479
59177831480
59177831481
59177831482
59177831483
59177831484
59177831485
59177831486
59177831487
59177831488
59177831489
59177831490
59177831491
59177831492
59177831493
59177831494
59177831495
59177831496
59177831497
59177831498
59177831499
59177831500
59177831501
59177831502
59177831503
59177831504
59177831505
59177831506
59177831507
59177831508
59177831509
59177831510
59177831511
59177831512
59177831513
59177831514
59177831515
59177831516
59177831517
59177831518
59177831519
59177831520
59177831521
59177831522
59177831523
59177831524
59177831525
59177831526
59177831527
59177831528
59177831529
59177831530
59177831531
59177831532
59177831533
59177831534
59177831535
59177831536
59177831537
59177831538
59177831539
59177831540
59177831541
59177831542
59177831543
59177831544
59177831545
59177831546
59177831547
59177831548
59177831549
59177831550
59177831551
59177831552
59177831553
59177831554
59177831555
59177831556
59177831557
59177831558
59177831559
59177831560
59177831561
59177831562
59177831563
59177831564
59177831565
59177831566
59177831567
59177831568
59177831569
59177831570
59177831571
59177831572
59177831573
59177831574
59177831575
59177831576
59177831577
59177831578
59177831579
59177831580
59177831581
59177831582
59177831583
59177831584
59177831585
59177831586
59177831587
59177831588
59177831589
59177831590
59177831591
59177831592
59177831593
59177831594
59177831595
59177831596
59177831597
59177831598
59177831599
59177831600
59177831601
59177831602
59177831603
59177831604
59177831605
59177831606
59177831607
59177831608
59177831609
59177831610
59177831611
59177831612
59177831613
59177831614
59177831615
59177831616
59177831617
59177831618
59177831619
59177831620
59177831621
59177831622
59177831623
59177831624
59177831625
59177831626
59177831627
59177831628
59177831629
59177831630
59177831631
59177831632
59177831633
59177831634
59177831635
59177831636
59177831637
59177831638
59177831639
59177831640
59177831641
59177831642
59177831643
59177831644
59177831645
59177831646
59177831647
59177831648
59177831649
59177831650
59177831651
59177831652
59177831653
59177831654
59177831655
59177831656
59177831657
59177831658
59177831659
59177831660
59177831661
59177831662
59177831663
59177831664
59177831665
59177831666
59177831667
59177831668
59177831669
59177831670
59177831671
59177831672
59177831673
59177831674
59177831675
59177831676
59177831677
59177831678
59177831679
59177831680
