
59173139916
59173139917
59173139918
59173139919
59173139920
59173139921
59173139922
59173139923
59173139924
59173139925
59173139926
59173139927
59173139928
59173139929
59173139930
59173139931
59173139932
59173139933
59173139934
59173139935
59173139936
59173139937
59173139938
59173139939
59173139940
59173139941
59173139942
59173139943
59173139944
59173139945
59173139946
59173139947
59173139948
59173139949
59173139950
59173139951
59173139952
59173139953
59173139954
59173139955
59173139956
59173139957
59173139958
59173139959
59173139960
59173139961
59173139962
59173139963
59173139964
59173139965
59173139966
59173139967
59173139968
59173139969
59173139970
59173139971
59173139972
59173139973
59173139974
59173139975
59173139976
59173139977
59173139978
59173139979
59173139980
59173139981
59173139982
59173139983
59173139984
59173139985
59173139986
59173139987
59173139988
59173139989
59173139990
59173139991
59173139992
59173139993
59173139994
59173139995
59173139996
59173139997
59173139998
59173139999
59173140000
59173140001
59173140002
59173140003
59173140004
59173140005
59173140006
59173140007
59173140008
59173140009
59173140010
59173140011
59173140012
59173140013
59173140014
59173140015
59173140016
59173140017
59173140018
59173140019
59173140020
59173140021
59173140022
59173140023
59173140024
59173140025
59173140026
59173140027
59173140028
59173140029
59173140030
59173140031
59173140032
59173140033
59173140034
59173140035
59173140036
59173140037
59173140038
59173140039
59173140040
59173140041
59173140042
59173140043
59173140044
59173140045
59173140046
59173140047
59173140048
59173140049
59173140050
59173140051
59173140052
59173140053
59173140054
59173140055
59173140056
59173140057
59173140058
59173140059
59173140060
59173140061
59173140062
59173140063
59173140064
59173140065
59173140066
59173140067
59173140068
59173140069
59173140070
59173140071
59173140072
59173140073
59173140074
59173140075
59173140076
59173140077
59173140078
59173140079
59173140080
59173140081
59173140082
59173140083
59173140084
59173140085
59173140086
59173140087
59173140088
59173140089
59173140090
59173140091
59173140092
59173140093
59173140094
59173140095
59173140096
59173140097
59173140098
59173140099
59173140100
59173140101
59173140102
59173140103
59173140104
59173140105
59173140106
59173140107
59173140108
59173140109
59173140110
59173140111
59173140112
59173140113
59173140114
59173140115
59173140116
59173140117
59173140118
59173140119
59173140120
59173140121
59173140122
59173140123
59173140124
59173140125
59173140126
59173140127
59173140128
59173140129
59173140130
59173140131
59173140132
59173140133
59173140134
59173140135
59173140136
59173140137
59173140138
59173140139
59173140140
59173140141
59173140142
59173140143
59173140144
59173140145
59173140146
59173140147
59173140148
59173140149
59173140150
59173140151
59173140152
59173140153
59173140154
59173140155
59173140156
59173140157
59173140158
59173140159
59173140160
59173140161
59173140162
59173140163
59173140164
59173140165
59173140166
59173140167
59173140168
59173140169
59173140170
59173140171
59173140172
59173140173
59173140174
59173140175
59173140176
59173140177
59173140178
59173140179
59173140180
59173140181
59173140182
59173140183
59173140184
59173140185
59173140186
59173140187
59173140188
59173140189
59173140190
59173140191
59173140192
59173140193
59173140194
59173140195
59173140196
59173140197
59173140198
59173140199
59173140200
59173140201
59173140202
59173140203
59173140204
59173140205
59173140206
59173140207
59173140208
59173140209
59173140210
59173140211
59173140212
59173140213
59173140214
59173140215
59173140216
59173140217
59173140218
59173140219
59173140220
59173140221
59173140222
59173140223
59173140224
59173140225
59173140226
59173140227
59173140228
59173140229
59173140230
59173140231
59173140232
59173140233
59173140234
59173140235
59173140236
59173140237
59173140238
59173140239
59173140240
59173140241
59173140242
59173140243
59173140244
59173140245
59173140246
59173140247
59173140248
59173140249
59173140250
59173140251
59173140252
59173140253
59173140254
59173140255
59173140256
59173140257
59173140258
59173140259
59173140260
59173140261
59173140262
59173140263
59173140264
59173140265
59173140266
59173140267
59173140268
59173140269
59173140270
59173140271
59173140272
59173140273
59173140274
59173140275
59173140276
59173140277
59173140278
59173140279
59173140280
59173140281
59173140282
59173140283
59173140284
59173140285
59173140286
59173140287
59173140288
59173140289
59173140290
59173140291
59173140292
59173140293
59173140294
59173140295
59173140296
59173140297
59173140298
59173140299
59173140300
59173140301
59173140302
59173140303
59173140304
59173140305
59173140306
59173140307
59173140308
59173140309
59173140310
59173140311
59173140312
59173140313
59173140314
59173140315
59173140316
59173140317
59173140318
59173140319
59173140320
59173140321
59173140322
59173140323
59173140324
59173140325
59173140326
59173140327
59173140328
59173140329
59173140330
59173140331
59173140332
59173140333
59173140334
59173140335
59173140336
59173140337
59173140338
59173140339
59173140340
59173140341
59173140342
59173140343
59173140344
59173140345
59173140346
59173140347
59173140348
59173140349
59173140350
59173140351
59173140352
59173140353
59173140354
59173140355
59173140356
59173140357
59173140358
59173140359
59173140360
59173140361
59173140362
59173140363
59173140364
59173140365
59173140366
59173140367
59173140368
59173140369
59173140370
59173140371
59173140372
59173140373
59173140374
59173140375
59173140376
59173140377
59173140378
59173140379
59173140380
59173140381
59173140382
59173140383
59173140384
59173140385
59173140386
59173140387
59173140388
59173140389
59173140390
59173140391
59173140392
59173140393
59173140394
59173140395
59173140396
59173140397
59173140398
59173140399
59173140400
59173140401
59173140402
59173140403
59173140404
59173140405
59173140406
59173140407
59173140408
59173140409
59173140410
59173140411
59173140412
59173140413
59173140414
59173140415
59173140416
59173140417
59173140418
59173140419
59173140420
59173140421
59173140422
59173140423
59173140424
59173140425
59173140426
59173140427
59173140428
59173140429
59173140430
59173140431
59173140432
59173140433
59173140434
59173140435
59173140436
59173140437
59173140438
59173140439
59173140440
59173140441
59173140442
59173140443
59173140444
59173140445
59173140446
59173140447
59173140448
59173140449
59173140450
59173140451
59173140452
59173140453
59173140454
59173140455
59173140456
59173140457
59173140458
59173140459
59173140460
59173140461
59173140462
59173140463
59173140464
59173140465
59173140466
59173140467
59173140468
59173140469
59173140470
59173140471
59173140472
59173140473
59173140474
59173140475
59173140476
59173140477
59173140478
59173140479
59173140480
59173140481
59173140482
59173140483
59173140484
59173140485
59173140486
59173140487
59173140488
59173140489
59173140490
59173140491
59173140492
59173140493
59173140494
59173140495
59173140496
59173140497
59173140498
59173140499
59173140500
59173140501
59173140502
59173140503
59173140504
59173140505
59173140506
59173140507
59173140508
59173140509
59173140510
59173140511
59173140512
59173140513
59173140514
59173140515
59173140516
59173140517
59173140518
59173140519
59173140520
59173140521
59173140522
59173140523
59173140524
59173140525
59173140526
59173140527
59173140528
59173140529
59173140530
59173140531
59173140532
59173140533
59173140534
59173140535
59173140536
59173140537
59173140538
59173140539
59173140540
59173140541
59173140542
59173140543
59173140544
59173140545
59173140546
59173140547
59173140548
59173140549
59173140550
59173140551
59173140552
59173140553
59173140554
59173140555
59173140556
59173140557
59173140558
59173140559
59173140560
59173140561
59173140562
59173140563
59173140564
59173140565
59173140566
59173140567
59173140568
59173140569
59173140570
59173140571
59173140572
59173140573
59173140574
59173140575
59173140576
59173140577
59173140578
59173140579
59173140580
59173140581
59173140582
59173140583
59173140584
59173140585
59173140586
59173140587
59173140588
59173140589
59173140590
59173140591
59173140592
59173140593
59173140594
59173140595
59173140596
59173140597
59173140598
59173140599
59173140600
59173140601
59173140602
59173140603
59173140604
59173140605
59173140606
59173140607
59173140608
59173140609
59173140610
59173140611
59173140612
59173140613
59173140614
59173140615
59173140616
59173140617
59173140618
59173140619
59173140620
59173140621
59173140622
59173140623
59173140624
59173140625
59173140626
59173140627
59173140628
59173140629
59173140630
59173140631
59173140632
59173140633
59173140634
59173140635
59173140636
59173140637
59173140638
59173140639
59173140640
59173140641
59173140642
59173140643
59173140644
59173140645
59173140646
59173140647
59173140648
59173140649
59173140650
59173140651
59173140652
59173140653
59173140654
59173140655
59173140656
59173140657
59173140658
59173140659
59173140660
59173140661
59173140662
59173140663
59173140664
59173140665
59173140666
59173140667
59173140668
59173140669
59173140670
59173140671
59173140672
59173140673
59173140674
59173140675
59173140676
59173140677
59173140678
59173140679
59173140680
59173140681
59173140682
59173140683
59173140684
59173140685
59173140686
59173140687
59173140688
59173140689
59173140690
59173140691
59173140692
59173140693
59173140694
59173140695
59173140696
59173140697
59173140698
59173140699
59173140700
59173140701
59173140702
59173140703
59173140704
59173140705
59173140706
59173140707
59173140708
59173140709
59173140710
59173140711
59173140712
59173140713
59173140714
59173140715
59173140716
59173140717
59173140718
59173140719
59173140720
59173140721
59173140722
59173140723
59173140724
59173140725
59173140726
59173140727
59173140728
59173140729
59173140730
59173140731
59173140732
59173140733
59173140734
59173140735
59173140736
59173140737
59173140738
59173140739
59173140740
59173140741
59173140742
59173140743
59173140744
59173140745
59173140746
59173140747
59173140748
59173140749
59173140750
59173140751
59173140752
59173140753
59173140754
59173140755
59173140756
59173140757
59173140758
59173140759
59173140760
59173140761
59173140762
59173140763
59173140764
59173140765
59173140766
59173140767
59173140768
59173140769
59173140770
59173140771
59173140772
59173140773
59173140774
59173140775
59173140776
59173140777
59173140778
59173140779
59173140780
59173140781
59173140782
59173140783
59173140784
59173140785
59173140786
59173140787
59173140788
59173140789
59173140790
59173140791
59173140792
59173140793
59173140794
59173140795
59173140796
59173140797
59173140798
59173140799
59173140800
59173140801
59173140802
59173140803
59173140804
59173140805
59173140806
59173140807
59173140808
59173140809
59173140810
59173140811
59173140812
59173140813
59173140814
59173140815
59173140816
59173140817
59173140818
59173140819
59173140820
59173140821
59173140822
59173140823
59173140824
59173140825
59173140826
59173140827
59173140828
59173140829
59173140830
59173140831
59173140832
59173140833
59173140834
59173140835
59173140836
59173140837
59173140838
59173140839
59173140840
59173140841
59173140842
59173140843
59173140844
59173140845
59173140846
59173140847
59173140848
59173140849
59173140850
59173140851
59173140852
59173140853
59173140854
59173140855
59173140856
59173140857
59173140858
59173140859
59173140860
59173140861
59173140862
59173140863
59173140864
59173140865
59173140866
59173140867
59173140868
59173140869
59173140870
59173140871
59173140872
59173140873
59173140874
59173140875
59173140876
59173140877
59173140878
59173140879
59173140880
59173140881
59173140882
59173140883
59173140884
59173140885
59173140886
59173140887
59173140888
59173140889
59173140890
59173140891
59173140892
59173140893
59173140894
59173140895
59173140896
59173140897
59173140898
59173140899
59173140900
59173140901
59173140902
59173140903
59173140904
59173140905
59173140906
59173140907
59173140908
59173140909
59173140910
59173140911
59173140912
59173140913
59173140914
59173140915
59173140916
59173140917
59173140918
59173140919
59173140920
59173140921
59173140922
59173140923
59173140924
59173140925
59173140926
59173140927
59173140928
59173140929
59173140930
59173140931
59173140932
59173140933
59173140934
59173140935
59173140936
59173140937
59173140938
59173140939
59173140940
59173140941
59173140942
59173140943
59173140944
59173140945
59173140946
59173140947
59173140948
59173140949
59173140950
59173140951
59173140952
59173140953
59173140954
59173140955
59173140956
59173140957
59173140958
59173140959
59173140960
59173140961
59173140962
59173140963
59173140964
59173140965
59173140966
59173140967
59173140968
59173140969
59173140970
59173140971
59173140972
59173140973
59173140974
59173140975
59173140976
59173140977
59173140978
59173140979
59173140980
59173140981
59173140982
59173140983
59173140984
59173140985
59173140986
59173140987
59173140988
59173140989
59173140990
59173140991
59173140992
59173140993
59173140994
59173140995
59173140996
59173140997
59173140998
59173140999
59173141000
59173141001
59173141002
59173141003
59173141004
59173141005
59173141006
59173141007
59173141008
59173141009
59173141010
59173141011
59173141012
59173141013
59173141014
59173141015
59173141016
59173141017
59173141018
59173141019
59173141020
59173141021
59173141022
59173141023
59173141024
59173141025
59173141026
59173141027
59173141028
59173141029
59173141030
59173141031
59173141032
59173141033
59173141034
59173141035
59173141036
59173141037
59173141038
59173141039
59173141040
59173141041
59173141042
59173141043
59173141044
59173141045
59173141046
59173141047
59173141048
59173141049
59173141050
59173141051
59173141052
59173141053
59173141054
59173141055
59173141056
59173141057
59173141058
59173141059
59173141060
59173141061
59173141062
59173141063
59173141064
59173141065
59173141066
59173141067
59173141068
59173141069
59173141070
59173141071
59173141072
59173141073
59173141074
59173141075
59173141076
59173141077
59173141078
59173141079
59173141080
59173141081
59173141082
59173141083
59173141084
59173141085
59173141086
59173141087
59173141088
59173141089
59173141090
59173141091
59173141092
59173141093
59173141094
59173141095
59173141096
59173141097
59173141098
59173141099
59173141100
59173141101
59173141102
59173141103
59173141104
59173141105
59173141106
59173141107
59173141108
59173141109
59173141110
59173141111
59173141112
59173141113
59173141114
59173141115
59173141116
59173141117
59173141118
59173141119
59173141120
59173141121
59173141122
59173141123
59173141124
59173141125
59173141126
59173141127
59173141128
59173141129
59173141130
59173141131
59173141132
59173141133
59173141134
59173141135
59173141136
59173141137
59173141138
59173141139
59173141140
59173141141
59173141142
59173141143
59173141144
59173141145
59173141146
59173141147
59173141148
59173141149
59173141150
59173141151
59173141152
59173141153
59173141154
59173141155
59173141156
59173141157
59173141158
59173141159
59173141160
59173141161
59173141162
59173141163
59173141164
59173141165
59173141166
59173141167
59173141168
59173141169
59173141170
59173141171
59173141172
59173141173
59173141174
59173141175
59173141176
59173141177
59173141178
59173141179
59173141180
59173141181
59173141182
59173141183
59173141184
59173141185
59173141186
59173141187
59173141188
59173141189
59173141190
59173141191
59173141192
59173141193
59173141194
59173141195
59173141196
59173141197
59173141198
59173141199
59173141200
59173141201
59173141202
59173141203
59173141204
59173141205
59173141206
59173141207
59173141208
59173141209
59173141210
59173141211
59173141212
59173141213
59173141214
59173141215
59173141216
59173141217
59173141218
59173141219
59173141220
59173141221
59173141222
59173141223
59173141224
59173141225
59173141226
59173141227
59173141228
59173141229
59173141230
59173141231
59173141232
59173141233
59173141234
59173141235
59173141236
59173141237
59173141238
59173141239
59173141240
59173141241
59173141242
59173141243
59173141244
59173141245
59173141246
59173141247
59173141248
59173141249
59173141250
59173141251
59173141252
59173141253
59173141254
59173141255
59173141256
59173141257
59173141258
59173141259
59173141260
59173141261
59173141262
59173141263
59173141264
59173141265
59173141266
59173141267
59173141268
59173141269
59173141270
59173141271
59173141272
59173141273
59173141274
59173141275
59173141276
59173141277
59173141278
59173141279
59173141280
59173141281
59173141282
59173141283
59173141284
59173141285
59173141286
59173141287
59173141288
59173141289
59173141290
59173141291
59173141292
59173141293
59173141294
59173141295
59173141296
59173141297
59173141298
59173141299
59173141300
59173141301
59173141302
59173141303
59173141304
59173141305
59173141306
59173141307
59173141308
59173141309
59173141310
59173141311
59173141312
59173141313
59173141314
59173141315
59173141316
59173141317
59173141318
59173141319
59173141320
59173141321
59173141322
59173141323
59173141324
59173141325
59173141326
59173141327
59173141328
59173141329
59173141330
59173141331
59173141332
59173141333
59173141334
59173141335
59173141336
59173141337
59173141338
59173141339
59173141340
59173141341
59173141342
59173141343
59173141344
59173141345
59173141346
59173141347
59173141348
59173141349
59173141350
59173141351
59173141352
59173141353
59173141354
59173141355
59173141356
59173141357
59173141358
59173141359
59173141360
59173141361
59173141362
59173141363
59173141364
59173141365
59173141366
59173141367
59173141368
59173141369
59173141370
59173141371
59173141372
59173141373
59173141374
59173141375
59173141376
59173141377
59173141378
59173141379
59173141380
59173141381
59173141382
59173141383
59173141384
59173141385
59173141386
59173141387
59173141388
59173141389
59173141390
59173141391
59173141392
59173141393
59173141394
59173141395
59173141396
59173141397
59173141398
59173141399
59173141400
59173141401
59173141402
59173141403
59173141404
59173141405
59173141406
59173141407
59173141408
59173141409
59173141410
59173141411
59173141412
59173141413
59173141414
59173141415
59173141416
59173141417
59173141418
59173141419
59173141420
59173141421
59173141422
59173141423
59173141424
59173141425
59173141426
59173141427
59173141428
59173141429
59173141430
59173141431
59173141432
59173141433
59173141434
59173141435
59173141436
59173141437
59173141438
59173141439
59173141440
59173141441
59173141442
59173141443
59173141444
59173141445
59173141446
59173141447
59173141448
59173141449
59173141450
59173141451
59173141452
59173141453
59173141454
59173141455
59173141456
59173141457
59173141458
59173141459
59173141460
59173141461
59173141462
59173141463
59173141464
59173141465
59173141466
59173141467
59173141468
59173141469
59173141470
59173141471
59173141472
59173141473
59173141474
59173141475
59173141476
59173141477
59173141478
59173141479
59173141480
59173141481
59173141482
59173141483
59173141484
59173141485
59173141486
59173141487
59173141488
59173141489
59173141490
59173141491
59173141492
59173141493
59173141494
59173141495
59173141496
59173141497
59173141498
59173141499
59173141500
59173141501
59173141502
59173141503
59173141504
59173141505
59173141506
59173141507
59173141508
59173141509
59173141510
59173141511
59173141512
59173141513
59173141514
59173141515
59173141516
59173141517
59173141518
59173141519
59173141520
59173141521
59173141522
59173141523
59173141524
59173141525
59173141526
59173141527
59173141528
59173141529
59173141530
59173141531
59173141532
59173141533
59173141534
59173141535
59173141536
59173141537
59173141538
59173141539
59173141540
59173141541
59173141542
59173141543
59173141544
59173141545
59173141546
59173141547
59173141548
59173141549
59173141550
59173141551
59173141552
59173141553
59173141554
59173141555
59173141556
59173141557
59173141558
59173141559
59173141560
59173141561
59173141562
59173141563
59173141564
59173141565
59173141566
59173141567
59173141568
59173141569
59173141570
59173141571
59173141572
59173141573
59173141574
59173141575
59173141576
59173141577
59173141578
59173141579
59173141580
59173141581
59173141582
59173141583
59173141584
59173141585
59173141586
59173141587
59173141588
59173141589
59173141590
59173141591
59173141592
59173141593
59173141594
59173141595
59173141596
59173141597
59173141598
59173141599
59173141600
59173141601
59173141602
59173141603
59173141604
59173141605
59173141606
59173141607
59173141608
59173141609
59173141610
59173141611
59173141612
59173141613
59173141614
59173141615
59173141616
59173141617
59173141618
59173141619
59173141620
59173141621
59173141622
59173141623
59173141624
59173141625
59173141626
59173141627
59173141628
59173141629
59173141630
59173141631
59173141632
59173141633
59173141634
59173141635
59173141636
59173141637
59173141638
59173141639
59173141640
59173141641
59173141642
59173141643
59173141644
59173141645
59173141646
59173141647
59173141648
59173141649
59173141650
59173141651
59173141652
59173141653
59173141654
59173141655
59173141656
59173141657
59173141658
59173141659
59173141660
59173141661
59173141662
59173141663
59173141664
59173141665
59173141666
59173141667
59173141668
59173141669
59173141670
59173141671
59173141672
59173141673
59173141674
59173141675
59173141676
59173141677
59173141678
59173141679
59173141680
59173141681
59173141682
59173141683
59173141684
59173141685
59173141686
59173141687
59173141688
59173141689
59173141690
59173141691
59173141692
59173141693
59173141694
59173141695
59173141696
59173141697
59173141698
59173141699
59173141700
59173141701
59173141702
59173141703
59173141704
59173141705
59173141706
59173141707
59173141708
59173141709
59173141710
59173141711
59173141712
59173141713
59173141714
59173141715
59173141716
59173141717
59173141718
59173141719
59173141720
59173141721
59173141722
59173141723
59173141724
59173141725
59173141726
59173141727
59173141728
59173141729
59173141730
59173141731
59173141732
59173141733
59173141734
59173141735
59173141736
59173141737
59173141738
59173141739
59173141740
59173141741
59173141742
59173141743
59173141744
59173141745
59173141746
59173141747
59173141748
59173141749
59173141750
59173141751
59173141752
59173141753
59173141754
59173141755
59173141756
59173141757
59173141758
59173141759
59173141760
59173141761
59173141762
59173141763
59173141764
59173141765
59173141766
59173141767
59173141768
59173141769
59173141770
59173141771
59173141772
59173141773
59173141774
59173141775
59173141776
59173141777
59173141778
59173141779
59173141780
59173141781
59173141782
59173141783
59173141784
59173141785
59173141786
59173141787
59173141788
59173141789
59173141790
59173141791
59173141792
59173141793
59173141794
59173141795
59173141796
59173141797
59173141798
59173141799
59173141800
59173141801
59173141802
59173141803
59173141804
59173141805
59173141806
59173141807
59173141808
59173141809
59173141810
59173141811
59173141812
59173141813
59173141814
59173141815
59173141816
59173141817
59173141818
59173141819
59173141820
59173141821
59173141822
59173141823
59173141824
59173141825
59173141826
59173141827
59173141828
59173141829
59173141830
59173141831
59173141832
59173141833
59173141834
59173141835
59173141836
59173141837
59173141838
59173141839
59173141840
59173141841
59173141842
59173141843
59173141844
59173141845
59173141846
59173141847
59173141848
59173141849
59173141850
59173141851
59173141852
59173141853
59173141854
59173141855
59173141856
59173141857
59173141858
59173141859
59173141860
59173141861
59173141862
59173141863
59173141864
59173141865
59173141866
59173141867
59173141868
59173141869
59173141870
59173141871
59173141872
59173141873
59173141874
59173141875
59173141876
59173141877
59173141878
59173141879
59173141880
59173141881
59173141882
59173141883
59173141884
59173141885
59173141886
59173141887
59173141888
59173141889
59173141890
59173141891
59173141892
59173141893
59173141894
59173141895
59173141896
59173141897
59173141898
59173141899
59173141900
59173141901
59173141902
59173141903
59173141904
59173141905
59173141906
59173141907
59173141908
59173141909
59173141910
59173141911
59173141912
59173141913
59173141914
59173141915
59173141916
59173141917
59173141918
59173141919
59173141920
59173141921
59173141922
59173141923
59173141924
59173141925
59173141926
59173141927
59173141928
59173141929
59173141930
59173141931
59173141932
59173141933
59173141934
59173141935
59173141936
59173141937
59173141938
59173141939
59173141940
59173141941
59173141942
59173141943
59173141944
59173141945
59173141946
59173141947
59173141948
59173141949
59173141950
59173141951
59173141952
59173141953
59173141954
59173141955
59173141956
59173141957
59173141958
59173141959
59173141960
59173141961
59173141962
59173141963
59173141964
59173141965
59173141966
59173141967
59173141968
59173141969
59173141970
59173141971
59173141972
59173141973
59173141974
59173141975
59173141976
59173141977
59173141978
59173141979
59173141980
59173141981
59173141982
59173141983
59173141984
59173141985
59173141986
59173141987
59173141988
59173141989
59173141990
59173141991
59173141992
59173141993
59173141994
59173141995
59173141996
59173141997
59173141998
59173141999
59173142000
59173142001
59173142002
59173142003
59173142004
59173142005
59173142006
59173142007
59173142008
59173142009
59173142010
59173142011
59173142012
59173142013
59173142014
59173142015
59173142016
59173142017
59173142018
59173142019
59173142020
59173142021
59173142022
59173142023
59173142024
59173142025
59173142026
59173142027
59173142028
59173142029
59173142030
59173142031
59173142032
59173142033
59173142034
59173142035
59173142036
59173142037
59173142038
59173142039
59173142040
59173142041
59173142042
59173142043
59173142044
59173142045
59173142046
59173142047
59173142048
59173142049
59173142050
59173142051
59173142052
59173142053
59173142054
59173142055
59173142056
59173142057
59173142058
59173142059
59173142060
59173142061
59173142062
59173142063
59173142064
59173142065
59173142066
59173142067
59173142068
59173142069
59173142070
59173142071
59173142072
59173142073
59173142074
59173142075
59173142076
59173142077
59173142078
59173142079
59173142080
59173142081
59173142082
59173142083
59173142084
59173142085
59173142086
59173142087
59173142088
59173142089
59173142090
59173142091
59173142092
59173142093
59173142094
59173142095
59173142096
59173142097
59173142098
59173142099
59173142100
59173142101
59173142102
59173142103
59173142104
59173142105
59173142106
59173142107
59173142108
59173142109
59173142110
59173142111
59173142112
59173142113
59173142114
59173142115
59173142116
59173142117
59173142118
59173142119
59173142120
59173142121
59173142122
59173142123
59173142124
59173142125
59173142126
59173142127
59173142128
59173142129
59173142130
59173142131
59173142132
59173142133
59173142134
59173142135
59173142136
59173142137
59173142138
59173142139
59173142140
59173142141
59173142142
59173142143
59173142144
59173142145
59173142146
59173142147
59173142148
59173142149
59173142150
59173142151
59173142152
59173142153
59173142154
59173142155
59173142156
59173142157
59173142158
59173142159
59173142160
59173142161
59173142162
59173142163
59173142164
59173142165
59173142166
59173142167
59173142168
59173142169
59173142170
59173142171
59173142172
59173142173
59173142174
59173142175
59173142176
59173142177
59173142178
59173142179
59173142180
59173142181
59173142182
59173142183
59173142184
59173142185
59173142186
59173142187
59173142188
59173142189
59173142190
59173142191
59173142192
59173142193
59173142194
59173142195
59173142196
59173142197
59173142198
59173142199
59173142200
59173142201
59173142202
59173142203
59173142204
59173142205
59173142206
59173142207
59173142208
59173142209
59173142210
59173142211
59173142212
59173142213
59173142214
59173142215
59173142216
59173142217
59173142218
59173142219
59173142220
59173142221
59173142222
59173142223
59173142224
59173142225
59173142226
59173142227
59173142228
59173142229
59173142230
59173142231
59173142232
59173142233
59173142234
59173142235
59173142236
59173142237
59173142238
59173142239
59173142240
59173142241
59173142242
59173142243
59173142244
59173142245
59173142246
59173142247
59173142248
59173142249
59173142250
59173142251
59173142252
59173142253
59173142254
59173142255
59173142256
59173142257
59173142258
59173142259
59173142260
59173142261
59173142262
59173142263
59173142264
59173142265
59173142266
59173142267
59173142268
59173142269
59173142270
59173142271
59173142272
59173142273
59173142274
59173142275
59173142276
59173142277
59173142278
59173142279
59173142280
59173142281
59173142282
59173142283
59173142284
59173142285
59173142286
59173142287
59173142288
59173142289
59173142290
59173142291
59173142292
59173142293
59173142294
59173142295
59173142296
59173142297
59173142298
59173142299
59173142300
59173142301
59173142302
59173142303
59173142304
59173142305
59173142306
59173142307
59173142308
59173142309
59173142310
59173142311
59173142312
59173142313
59173142314
59173142315
59173142316
59173142317
59173142318
59173142319
59173142320
59173142321
59173142322
59173142323
59173142324
59173142325
59173142326
59173142327
59173142328
59173142329
59173142330
59173142331
59173142332
59173142333
59173142334
59173142335
59173142336
59173142337
59173142338
59173142339
59173142340
59173142341
59173142342
59173142343
59173142344
59173142345
59173142346
59173142347
59173142348
59173142349
59173142350
59173142351
59173142352
59173142353
59173142354
59173142355
59173142356
59173142357
59173142358
59173142359
59173142360
59173142361
59173142362
59173142363
59173142364
59173142365
59173142366
59173142367
59173142368
59173142369
59173142370
59173142371
59173142372
59173142373
59173142374
59173142375
59173142376
59173142377
59173142378
59173142379
59173142380
59173142381
59173142382
59173142383
59173142384
59173142385
59173142386
59173142387
59173142388
59173142389
59173142390
59173142391
59173142392
59173142393
59173142394
59173142395
59173142396
59173142397
59173142398
59173142399
59173142400
59173142401
59173142402
59173142403
59173142404
59173142405
59173142406
59173142407
59173142408
59173142409
59173142410
59173142411
59173142412
59173142413
59173142414
59173142415
59173142416
59173142417
59173142418
59173142419
59173142420
59173142421
59173142422
59173142423
59173142424
59173142425
59173142426
59173142427
59173142428
59173142429
59173142430
59173142431
59173142432
59173142433
59173142434
59173142435
59173142436
59173142437
59173142438
59173142439
59173142440
59173142441
59173142442
59173142443
59173142444
59173142445
59173142446
59173142447
59173142448
59173142449
59173142450
59173142451
59173142452
59173142453
59173142454
59173142455
59173142456
59173142457
59173142458
59173142459
59173142460
59173142461
59173142462
59173142463
59173142464
59173142465
59173142466
59173142467
59173142468
59173142469
59173142470
59173142471
59173142472
59173142473
59173142474
59173142475
59173142476
59173142477
59173142478
59173142479
59173142480
59173142481
59173142482
59173142483
59173142484
59173142485
59173142486
59173142487
59173142488
59173142489
59173142490
59173142491
59173142492
59173142493
59173142494
59173142495
59173142496
59173142497
59173142498
59173142499
59173142500
59173142501
59173142502
59173142503
59173142504
59173142505
59173142506
59173142507
59173142508
59173142509
59173142510
59173142511
59173142512
59173142513
59173142514
59173142515
59173142516
59173142517
59173142518
59173142519
59173142520
59173142521
59173142522
59173142523
59173142524
59173142525
59173142526
59173142527
59173142528
59173142529
59173142530
59173142531
59173142532
59173142533
59173142534
59173142535
59173142536
59173142537
59173142538
59173142539
59173142540
59173142541
59173142542
59173142543
59173142544
59173142545
59173142546
59173142547
59173142548
59173142549
59173142550
59173142551
59173142552
59173142553
59173142554
59173142555
59173142556
59173142557
59173142558
59173142559
59173142560
59173142561
59173142562
59173142563
59173142564
59173142565
59173142566
59173142567
59173142568
59173142569
59173142570
59173142571
59173142572
59173142573
59173142574
59173142575
59173142576
59173142577
59173142578
59173142579
59173142580
59173142581
59173142582
59173142583
59173142584
59173142585
59173142586
59173142587
59173142588
59173142589
59173142590
59173142591
59173142592
59173142593
59173142594
59173142595
59173142596
59173142597
59173142598
59173142599
59173142600
59173142601
59173142602
59173142603
59173142604
59173142605
59173142606
59173142607
59173142608
59173142609
59173142610
59173142611
59173142612
59173142613
59173142614
59173142615
59173142616
59173142617
59173142618
59173142619
59173142620
59173142621
59173142622
59173142623
59173142624
59173142625
59173142626
59173142627
59173142628
59173142629
59173142630
59173142631
59173142632
59173142633
59173142634
59173142635
59173142636
59173142637
59173142638
59173142639
59173142640
59173142641
59173142642
59173142643
59173142644
59173142645
59173142646
59173142647
59173142648
59173142649
59173142650
59173142651
59173142652
59173142653
59173142654
59173142655
59173142656
59173142657
59173142658
59173142659
59173142660
59173142661
59173142662
59173142663
59173142664
59173142665
59173142666
59173142667
59173142668
59173142669
59173142670
59173142671
59173142672
59173142673
59173142674
59173142675
59173142676
59173142677
59173142678
59173142679
59173142680
59173142681
59173142682
59173142683
59173142684
59173142685
59173142686
59173142687
59173142688
59173142689
59173142690
59173142691
59173142692
59173142693
59173142694
59173142695
59173142696
59173142697
59173142698
59173142699
59173142700
59173142701
59173142702
59173142703
59173142704
59173142705
59173142706
59173142707
59173142708
59173142709
59173142710
59173142711
59173142712
59173142713
59173142714
59173142715
59173142716
59173142717
59173142718
59173142719
59173142720
59173142721
59173142722
59173142723
59173142724
59173142725
59173142726
59173142727
59173142728
59173142729
59173142730
59173142731
59173142732
59173142733
59173142734
59173142735
59173142736
59173142737
59173142738
59173142739
59173142740
59173142741
59173142742
59173142743
59173142744
59173142745
59173142746
59173142747
59173142748
59173142749
59173142750
59173142751
59173142752
59173142753
59173142754
59173142755
59173142756
59173142757
59173142758
59173142759
59173142760
59173142761
59173142762
59173142763
59173142764
59173142765
59173142766
59173142767
59173142768
59173142769
59173142770
59173142771
59173142772
59173142773
59173142774
59173142775
59173142776
59173142777
59173142778
59173142779
59173142780
59173142781
59173142782
59173142783
59173142784
59173142785
59173142786
59173142787
59173142788
59173142789
59173142790
59173142791
59173142792
59173142793
59173142794
59173142795
59173142796
59173142797
59173142798
59173142799
59173142800
59173142801
59173142802
59173142803
59173142804
59173142805
59173142806
59173142807
59173142808
59173142809
59173142810
59173142811
59173142812
59173142813
59173142814
59173142815
59173142816
59173142817
59173142818
59173142819
59173142820
59173142821
59173142822
59173142823
59173142824
59173142825
59173142826
59173142827
59173142828
59173142829
59173142830
59173142831
59173142832
59173142833
59173142834
59173142835
59173142836
59173142837
59173142838
59173142839
59173142840
59173142841
59173142842
59173142843
59173142844
59173142845
59173142846
59173142847
59173142848
59173142849
59173142850
59173142851
59173142852
59173142853
59173142854
59173142855
59173142856
59173142857
59173142858
59173142859
59173142860
59173142861
59173142862
59173142863
59173142864
59173142865
59173142866
59173142867
59173142868
59173142869
59173142870
59173142871
59173142872
59173142873
59173142874
59173142875
59173142876
59173142877
59173142878
59173142879
59173142880
59173142881
59173142882
59173142883
59173142884
59173142885
59173142886
59173142887
59173142888
59173142889
59173142890
59173142891
59173142892
59173142893
59173142894
59173142895
59173142896
59173142897
59173142898
59173142899
59173142900
59173142901
59173142902
59173142903
59173142904
59173142905
59173142906
59173142907
59173142908
59173142909
59173142910
59173142911
59173142912
59173142913
59173142914
59173142915
59173142916
59173142917
59173142918
59173142919
59173142920
59173142921
59173142922
59173142923
59173142924
59173142925
59173142926
59173142927
59173142928
59173142929
59173142930
59173142931
59173142932
59173142933
59173142934
59173142935
59173142936
59173142937
59173142938
59173142939
59173142940
59173142941
59173142942
59173142943
59173142944
59173142945
59173142946
59173142947
59173142948
59173142949
59173142950
59173142951
59173142952
59173142953
59173142954
59173142955
59173142956
59173142957
59173142958
59173142959
59173142960
59173142961
59173142962
59173142963
59173142964
59173142965
59173142966
59173142967
59173142968
59173142969
59173142970
59173142971
59173142972
59173142973
59173142974
59173142975
59173142976
59173142977
59173142978
59173142979
59173142980
59173142981
59173142982
59173142983
59173142984
59173142985
59173142986
59173142987
59173142988
59173142989
59173142990
59173142991
59173142992
59173142993
59173142994
59173142995
59173142996
59173142997
59173142998
59173142999
59173143000
59173143001
59173143002
59173143003
59173143004
59173143005
59173143006
59173143007
59173143008
59173143009
59173143010
59173143011
59173143012
59173143013
59173143014
59173143015
59173143016
59173143017
59173143018
59173143019
59173143020
59173143021
59173143022
59173143023
59173143024
59173143025
59173143026
59173143027
59173143028
59173143029
59173143030
59173143031
59173143032
59173143033
59173143034
59173143035
59173143036
59173143037
59173143038
59173143039
59173143040
59173143041
59173143042
59173143043
59173143044
59173143045
59173143046
59173143047
59173143048
59173143049
59173143050
59173143051
59173143052
59173143053
59173143054
59173143055
59173143056
59173143057
59173143058
59173143059
59173143060
59173143061
59173143062
59173143063
59173143064
59173143065
59173143066
59173143067
59173143068
59173143069
59173143070
59173143071
59173143072
59173143073
59173143074
59173143075
59173143076
59173143077
59173143078
59173143079
59173143080
59173143081
59173143082
59173143083
59173143084
59173143085
59173143086
59173143087
59173143088
59173143089
59173143090
59173143091
59173143092
59173143093
59173143094
59173143095
59173143096
59173143097
59173143098
59173143099
59173143100
59173143101
59173143102
59173143103
59173143104
59173143105
59173143106
59173143107
59173143108
59173143109
59173143110
59173143111
59173143112
59173143113
59173143114
59173143115
59173143116
59173143117
59173143118
59173143119
59173143120
59173143121
59173143122
59173143123
59173143124
59173143125
59173143126
59173143127
59173143128
59173143129
59173143130
59173143131
59173143132
59173143133
59173143134
59173143135
59173143136
59173143137
59173143138
59173143139
59173143140
59173143141
59173143142
59173143143
59173143144
59173143145
59173143146
59173143147
59173143148
59173143149
59173143150
59173143151
59173143152
59173143153
59173143154
59173143155
59173143156
59173143157
59173143158
59173143159
59173143160
59173143161
59173143162
59173143163
59173143164
59173143165
59173143166
59173143167
59173143168
59173143169
59173143170
59173143171
59173143172
59173143173
59173143174
59173143175
59173143176
59173143177
59173143178
59173143179
59173143180
59173143181
59173143182
59173143183
59173143184
59173143185
59173143186
59173143187
59173143188
59173143189
59173143190
59173143191
59173143192
59173143193
59173143194
59173143195
59173143196
59173143197
59173143198
59173143199
59173143200
59173143201
59173143202
59173143203
59173143204
59173143205
59173143206
59173143207
59173143208
59173143209
59173143210
59173143211
59173143212
59173143213
59173143214
59173143215
59173143216
59173143217
59173143218
59173143219
59173143220
59173143221
59173143222
59173143223
59173143224
59173143225
59173143226
59173143227
59173143228
59173143229
59173143230
59173143231
59173143232
59173143233
59173143234
59173143235
59173143236
59173143237
59173143238
59173143239
59173143240
59173143241
59173143242
59173143243
59173143244
59173143245
59173143246
59173143247
59173143248
59173143249
59173143250
59173143251
59173143252
59173143253
59173143254
59173143255
59173143256
59173143257
59173143258
59173143259
59173143260
59173143261
59173143262
59173143263
59173143264
59173143265
59173143266
59173143267
59173143268
59173143269
59173143270
59173143271
59173143272
59173143273
59173143274
59173143275
59173143276
59173143277
59173143278
59173143279
59173143280
59173143281
59173143282
59173143283
59173143284
59173143285
59173143286
59173143287
59173143288
59173143289
59173143290
59173143291
59173143292
59173143293
59173143294
59173143295
59173143296
59173143297
59173143298
59173143299
59173143300
59173143301
59173143302
59173143303
59173143304
59173143305
59173143306
59173143307
59173143308
59173143309
59173143310
59173143311
59173143312
59173143313
59173143314
59173143315
59173143316
59173143317
59173143318
59173143319
59173143320
59173143321
59173143322
59173143323
59173143324
59173143325
59173143326
59173143327
59173143328
59173143329
59173143330
59173143331
59173143332
59173143333
59173143334
59173143335
59173143336
59173143337
59173143338
59173143339
59173143340
59173143341
59173143342
59173143343
59173143344
59173143345
59173143346
59173143347
59173143348
59173143349
59173143350
59173143351
59173143352
59173143353
59173143354
59173143355
59173143356
59173143357
59173143358
59173143359
59173143360
59173143361
59173143362
59173143363
59173143364
59173143365
59173143366
59173143367
59173143368
59173143369
59173143370
59173143371
59173143372
59173143373
59173143374
59173143375
59173143376
59173143377
59173143378
59173143379
59173143380
59173143381
59173143382
59173143383
59173143384
59173143385
59173143386
59173143387
59173143388
59173143389
59173143390
59173143391
59173143392
59173143393
59173143394
59173143395
59173143396
59173143397
59173143398
59173143399
59173143400
59173143401
59173143402
59173143403
59173143404
59173143405
59173143406
59173143407
59173143408
59173143409
59173143410
59173143411
59173143412
59173143413
59173143414
59173143415
59173143416
59173143417
59173143418
59173143419
59173143420
59173143421
59173143422
59173143423
59173143424
59173143425
59173143426
59173143427
59173143428
59173143429
59173143430
59173143431
59173143432
59173143433
59173143434
59173143435
59173143436
59173143437
59173143438
59173143439
59173143440
59173143441
59173143442
59173143443
59173143444
59173143445
59173143446
59173143447
59173143448
59173143449
59173143450
59173143451
59173143452
59173143453
59173143454
59173143455
59173143456
59173143457
59173143458
59173143459
59173143460
59173143461
59173143462
59173143463
59173143464
59173143465
59173143466
59173143467
59173143468
59173143469
59173143470
59173143471
59173143472
59173143473
59173143474
59173143475
59173143476
59173143477
59173143478
59173143479
59173143480
59173143481
59173143482
59173143483
59173143484
59173143485
59173143486
59173143487
59173143488
59173143489
59173143490
59173143491
59173143492
59173143493
59173143494
59173143495
59173143496
59173143497
59173143498
59173143499
59173143500
59173143501
59173143502
59173143503
59173143504
59173143505
59173143506
59173143507
59173143508
59173143509
59173143510
59173143511
59173143512
59173143513
59173143514
59173143515
59173143516
59173143517
59173143518
59173143519
59173143520
59173143521
59173143522
59173143523
59173143524
59173143525
59173143526
59173143527
59173143528
59173143529
59173143530
59173143531
59173143532
59173143533
59173143534
59173143535
59173143536
59173143537
59173143538
59173143539
59173143540
59173143541
59173143542
59173143543
59173143544
59173143545
59173143546
59173143547
59173143548
59173143549
59173143550
59173143551
59173143552
59173143553
59173143554
59173143555
59173143556
59173143557
59173143558
59173143559
59173143560
59173143561
59173143562
59173143563
59173143564
59173143565
59173143566
59173143567
59173143568
59173143569
59173143570
59173143571
59173143572
59173143573
59173143574
59173143575
59173143576
59173143577
59173143578
59173143579
59173143580
59173143581
59173143582
59173143583
59173143584
59173143585
59173143586
59173143587
59173143588
59173143589
59173143590
59173143591
59173143592
59173143593
59173143594
59173143595
59173143596
59173143597
59173143598
59173143599
59173143600
59173143601
59173143602
59173143603
59173143604
59173143605
59173143606
59173143607
59173143608
59173143609
59173143610
59173143611
59173143612
59173143613
59173143614
59173143615
59173143616
59173143617
59173143618
59173143619
59173143620
59173143621
59173143622
59173143623
59173143624
59173143625
59173143626
59173143627
59173143628
59173143629
59173143630
59173143631
59173143632
59173143633
59173143634
59173143635
59173143636
59173143637
59173143638
59173143639
59173143640
59173143641
59173143642
59173143643
59173143644
59173143645
59173143646
59173143647
59173143648
59173143649
59173143650
59173143651
59173143652
59173143653
59173143654
59173143655
59173143656
59173143657
59173143658
59173143659
59173143660
59173143661
59173143662
59173143663
59173143664
59173143665
59173143666
59173143667
59173143668
59173143669
59173143670
59173143671
59173143672
59173143673
59173143674
59173143675
59173143676
59173143677
59173143678
59173143679
59173143680
59173143681
59173143682
59173143683
59173143684
59173143685
59173143686
59173143687
59173143688
59173143689
59173143690
59173143691
59173143692
59173143693
59173143694
59173143695
59173143696
59173143697
59173143698
59173143699
59173143700
59173143701
59173143702
59173143703
59173143704
59173143705
59173143706
59173143707
59173143708
59173143709
59173143710
59173143711
59173143712
59173143713
59173143714
59173143715
59173143716
59173143717
59173143718
59173143719
59173143720
59173143721
59173143722
59173143723
59173143724
59173143725
59173143726
59173143727
59173143728
59173143729
59173143730
59173143731
59173143732
59173143733
59173143734
59173143735
59173143736
59173143737
59173143738
59173143739
59173143740
59173143741
59173143742
59173143743
59173143744
59173143745
59173143746
59173143747
59173143748
59173143749
59173143750
59173143751
59173143752
59173143753
59173143754
59173143755
59173143756
59173143757
59173143758
59173143759
59173143760
59173143761
59173143762
59173143763
59173143764
59173143765
59173143766
59173143767
59173143768
59173143769
59173143770
59173143771
59173143772
59173143773
59173143774
59173143775
59173143776
59173143777
59173143778
59173143779
59173143780
59173143781
59173143782
59173143783
59173143784
59173143785
59173143786
59173143787
59173143788
59173143789
59173143790
59173143791
59173143792
59173143793
59173143794
59173143795
59173143796
59173143797
59173143798
59173143799
59173143800
59173143801
59173143802
59173143803
59173143804
59173143805
59173143806
59173143807
59173143808
59173143809
59173143810
59173143811
59173143812
59173143813
59173143814
59173143815
59173143816
59173143817
59173143818
59173143819
59173143820
59173143821
59173143822
59173143823
59173143824
59173143825
59173143826
59173143827
59173143828
59173143829
59173143830
59173143831
59173143832
59173143833
59173143834
59173143835
59173143836
59173143837
59173143838
59173143839
59173143840
59173143841
59173143842
59173143843
59173143844
59173143845
59173143846
59173143847
59173143848
59173143849
59173143850
59173143851
59173143852
59173143853
59173143854
59173143855
59173143856
59173143857
59173143858
59173143859
59173143860
59173143861
59173143862
59173143863
59173143864
59173143865
59173143866
59173143867
59173143868
59173143869
59173143870
59173143871
59173143872
59173143873
59173143874
59173143875
59173143876
59173143877
59173143878
59173143879
59173143880
59173143881
59173143882
59173143883
59173143884
59173143885
59173143886
59173143887
59173143888
59173143889
59173143890
59173143891
59173143892
59173143893
59173143894
59173143895
59173143896
59173143897
59173143898
59173143899
59173143900
59173143901
59173143902
59173143903
59173143904
59173143905
59173143906
59173143907
59173143908
59173143909
59173143910
59173143911
59173143912
59173143913
59173143914
59173143915
59173143916
59173143917
59173143918
59173143919
59173143920
59173143921
59173143922
59173143923
59173143924
59173143925
59173143926
59173143927
59173143928
59173143929
59173143930
59173143931
59173143932
59173143933
59173143934
59173143935
59173143936
59173143937
59173143938
59173143939
59173143940
59173143941
59173143942
59173143943
59173143944
59173143945
59173143946
59173143947
59173143948
59173143949
59173143950
59173143951
59173143952
59173143953
59173143954
59173143955
59173143956
59173143957
59173143958
59173143959
59173143960
59173143961
59173143962
59173143963
59173143964
59173143965
59173143966
59173143967
59173143968
59173143969
59173143970
59173143971
59173143972
59173143973
59173143974
59173143975
59173143976
59173143977
59173143978
59173143979
59173143980
59173143981
59173143982
59173143983
59173143984
59173143985
59173143986
59173143987
59173143988
59173143989
59173143990
59173143991
59173143992
59173143993
59173143994
59173143995
59173143996
59173143997
59173143998
59173143999
59173144000
59173144001
59173144002
59173144003
59173144004
59173144005
59173144006
59173144007
59173144008
59173144009
59173144010
59173144011
59173144012
59173144013
59173144014
59173144015
59173144016
59173144017
59173144018
59173144019
59173144020
59173144021
59173144022
59173144023
59173144024
59173144025
59173144026
59173144027
59173144028
59173144029
59173144030
59173144031
59173144032
59173144033
59173144034
59173144035
59173144036
59173144037
59173144038
59173144039
59173144040
59173144041
59173144042
59173144043
59173144044
59173144045
59173144046
59173144047
59173144048
59173144049
59173144050
59173144051
59173144052
59173144053
59173144054
59173144055
59173144056
59173144057
59173144058
59173144059
59173144060
59173144061
59173144062
59173144063
59173144064
59173144065
59173144066
59173144067
59173144068
59173144069
59173144070
59173144071
59173144072
59173144073
59173144074
59173144075
59173144076
59173144077
59173144078
59173144079
59173144080
59173144081
59173144082
59173144083
59173144084
59173144085
59173144086
59173144087
59173144088
59173144089
59173144090
59173144091
59173144092
59173144093
59173144094
59173144095
59173144096
59173144097
59173144098
59173144099
59173144100
59173144101
59173144102
59173144103
59173144104
59173144105
59173144106
59173144107
59173144108
59173144109
59173144110
59173144111
59173144112
59173144113
59173144114
59173144115
59173144116
59173144117
59173144118
59173144119
59173144120
59173144121
59173144122
59173144123
59173144124
59173144125
59173144126
59173144127
59173144128
59173144129
59173144130
59173144131
59173144132
59173144133
59173144134
59173144135
59173144136
59173144137
59173144138
59173144139
59173144140
59173144141
59173144142
59173144143
59173144144
59173144145
59173144146
59173144147
59173144148
59173144149
59173144150
59173144151
59173144152
59173144153
59173144154
59173144155
59173144156
59173144157
59173144158
59173144159
59173144160
59173144161
59173144162
59173144163
59173144164
59173144165
59173144166
59173144167
59173144168
59173144169
59173144170
59173144171
59173144172
59173144173
59173144174
59173144175
59173144176
59173144177
59173144178
59173144179
59173144180
59173144181
59173144182
59173144183
59173144184
59173144185
59173144186
59173144187
59173144188
59173144189
59173144190
59173144191
59173144192
59173144193
59173144194
59173144195
59173144196
59173144197
59173144198
59173144199
59173144200
59173144201
59173144202
59173144203
59173144204
59173144205
59173144206
59173144207
59173144208
59173144209
59173144210
59173144211
59173144212
59173144213
59173144214
59173144215
59173144216
59173144217
59173144218
59173144219
59173144220
59173144221
59173144222
59173144223
59173144224
59173144225
59173144226
59173144227
59173144228
59173144229
59173144230
59173144231
59173144232
59173144233
59173144234
59173144235
59173144236
59173144237
59173144238
59173144239
59173144240
59173144241
59173144242
59173144243
59173144244
59173144245
59173144246
59173144247
59173144248
59173144249
59173144250
59173144251
59173144252
59173144253
59173144254
59173144255
59173144256
59173144257
59173144258
59173144259
59173144260
59173144261
59173144262
59173144263
59173144264
59173144265
59173144266
59173144267
59173144268
59173144269