
59173144270
59173144271
59173144272
59173144273
59173144274
59173144275
59173144276
59173144277
59173144278
59173144279
59173144280
59173144281
59173144282
59173144283
59173144284
59173144285
59173144286
59173144287
59173144288
59173144289
59173144290
59173144291
59173144292
59173144293
59173144294
59173144295
59173144296
59173144297
59173144298
59173144299
59173144300
59173144301
59173144302
59173144303
59173144304
59173144305
59173144306
59173144307
59173144308
59173144309
59173144310
59173144311
59173144312
59173144313
59173144314
59173144315
59173144316
59173144317
59173144318
59173144319
59173144320
59173144321
59173144322
59173144323
59173144324
59173144325
59173144326
59173144327
59173144328
59173144329
59173144330
59173144331
59173144332
59173144333
59173144334
59173144335
59173144336
59173144337
59173144338
59173144339
59173144340
59173144341
59173144342
59173144343
59173144344
59173144345
59173144346
59173144347
59173144348
59173144349
59173144350
59173144351
59173144352
59173144353
59173144354
59173144355
59173144356
59173144357
59173144358
59173144359
59173144360
59173144361
59173144362
59173144363
59173144364
59173144365
59173144366
59173144367
59173144368
59173144369
59173144370
59173144371
59173144372
59173144373
59173144374
59173144375
59173144376
59173144377
59173144378
59173144379
59173144380
59173144381
59173144382
59173144383
59173144384
59173144385
59173144386
59173144387
59173144388
59173144389
59173144390
59173144391
59173144392
59173144393
59173144394
59173144395
59173144396
59173144397
59173144398
59173144399
59173144400
59173144401
59173144402
59173144403
59173144404
59173144405
59173144406
59173144407
59173144408
59173144409
59173144410
59173144411
59173144412
59173144413
59173144414
59173144415
59173144416
59173144417
59173144418
59173144419
59173144420
59173144421
59173144422
59173144423
59173144424
59173144425
59173144426
59173144427
59173144428
59173144429
59173144430
59173144431
59173144432
59173144433
59173144434
59173144435
59173144436
59173144437
59173144438
59173144439
59173144440
59173144441
59173144442
59173144443
59173144444
59173144445
59173144446
59173144447
59173144448
59173144449
59173144450
59173144451
59173144452
59173144453
59173144454
59173144455
59173144456
59173144457
59173144458
59173144459
59173144460
59173144461
59173144462
59173144463
59173144464
59173144465
59173144466
59173144467
59173144468
59173144469
59173144470
59173144471
59173144472
59173144473
59173144474
59173144475
59173144476
59173144477
59173144478
59173144479
59173144480
59173144481
59173144482
59173144483
59173144484
59173144485
59173144486
59173144487
59173144488
59173144489
59173144490
59173144491
59173144492
59173144493
59173144494
59173144495
59173144496
59173144497
59173144498
59173144499
59173144500
59173144501
59173144502
59173144503
59173144504
59173144505
59173144506
59173144507
59173144508
59173144509
59173144510
59173144511
59173144512
59173144513
59173144514
59173144515
59173144516
59173144517
59173144518
59173144519
59173144520
59173144521
59173144522
59173144523
59173144524
59173144525
59173144526
59173144527
59173144528
59173144529
59173144530
59173144531
59173144532
59173144533
59173144534
59173144535
59173144536
59173144537
59173144538
59173144539
59173144540
59173144541
59173144542
59173144543
59173144544
59173144545
59173144546
59173144547
59173144548
59173144549
59173144550
59173144551
59173144552
59173144553
59173144554
59173144555
59173144556
59173144557
59173144558
59173144559
59173144560
59173144561
59173144562
59173144563
59173144564
59173144565
59173144566
59173144567
59173144568
59173144569
59173144570
59173144571
59173144572
59173144573
59173144574
59173144575
59173144576
59173144577
59173144578
59173144579
59173144580
59173144581
59173144582
59173144583
59173144584
59173144585
59173144586
59173144587
59173144588
59173144589
59173144590
59173144591
59173144592
59173144593
59173144594
59173144595
59173144596
59173144597
59173144598
59173144599
59173144600
59173144601
59173144602
59173144603
59173144604
59173144605
59173144606
59173144607
59173144608
59173144609
59173144610
59173144611
59173144612
59173144613
59173144614
59173144615
59173144616
59173144617
59173144618
59173144619
59173144620
59173144621
59173144622
59173144623
59173144624
59173144625
59173144626
59173144627
59173144628
59173144629
59173144630
59173144631
59173144632
59173144633
59173144634
59173144635
59173144636
59173144637
59173144638
59173144639
59173144640
59173144641
59173144642
59173144643
59173144644
59173144645
59173144646
59173144647
59173144648
59173144649
59173144650
59173144651
59173144652
59173144653
59173144654
59173144655
59173144656
59173144657
59173144658
59173144659
59173144660
59173144661
59173144662
59173144663
59173144664
59173144665
59173144666
59173144667
59173144668
59173144669
59173144670
59173144671
59173144672
59173144673
59173144674
59173144675
59173144676
59173144677
59173144678
59173144679
59173144680
59173144681
59173144682
59173144683
59173144684
59173144685
59173144686
59173144687
59173144688
59173144689
59173144690
59173144691
59173144692
59173144693
59173144694
59173144695
59173144696
59173144697
59173144698
59173144699
59173144700
59173144701
59173144702
59173144703
59173144704
59173144705
59173144706
59173144707
59173144708
59173144709
59173144710
59173144711
59173144712
59173144713
59173144714
59173144715
59173144716
59173144717
59173144718
59173144719
59173144720
59173144721
59173144722
59173144723
59173144724
59173144725
59173144726
59173144727
59173144728
59173144729
59173144730
59173144731
59173144732
59173144733
59173144734
59173144735
59173144736
59173144737
59173144738
59173144739
59173144740
59173144741
59173144742
59173144743
59173144744
59173144745
59173144746
59173144747
59173144748
59173144749
59173144750
59173144751
59173144752
59173144753
59173144754
59173144755
59173144756
59173144757
59173144758
59173144759
59173144760
59173144761
59173144762
59173144763
59173144764
59173144765
59173144766
59173144767
59173144768
59173144769
59173144770
59173144771
59173144772
59173144773
59173144774
59173144775
59173144776
59173144777
59173144778
59173144779
59173144780
59173144781
59173144782
59173144783
59173144784
59173144785
59173144786
59173144787
59173144788
59173144789
59173144790
59173144791
59173144792
59173144793
59173144794
59173144795
59173144796
59173144797
59173144798
59173144799
59173144800
59173144801
59173144802
59173144803
59173144804
59173144805
59173144806
59173144807
59173144808
59173144809
59173144810
59173144811
59173144812
59173144813
59173144814
59173144815
59173144816
59173144817
59173144818
59173144819
59173144820
59173144821
59173144822
59173144823
59173144824
59173144825
59173144826
59173144827
59173144828
59173144829
59173144830
59173144831
59173144832
59173144833
59173144834
59173144835
59173144836
59173144837
59173144838
59173144839
59173144840
59173144841
59173144842
59173144843
59173144844
59173144845
59173144846
59173144847
59173144848
59173144849
59173144850
59173144851
59173144852
59173144853
59173144854
59173144855
59173144856
59173144857
59173144858
59173144859
59173144860
59173144861
59173144862
59173144863
59173144864
59173144865
59173144866
59173144867
59173144868
59173144869
59173144870
59173144871
59173144872
59173144873
59173144874
59173144875
59173144876
59173144877
59173144878
59173144879
59173144880
59173144881
59173144882
59173144883
59173144884
59173144885
59173144886
59173144887
59173144888
59173144889
59173144890
59173144891
59173144892
59173144893
59173144894
59173144895
59173144896
59173144897
59173144898
59173144899
59173144900
59173144901
59173144902
59173144903
59173144904
59173144905
59173144906
59173144907
59173144908
59173144909
59173144910
59173144911
59173144912
59173144913
59173144914
59173144915
59173144916
59173144917
59173144918
59173144919
59173144920
59173144921
59173144922
59173144923
59173144924
59173144925
59173144926
59173144927
59173144928
59173144929
59173144930
59173144931
59173144932
59173144933
59173144934
59173144935
59173144936
59173144937
59173144938
59173144939
59173144940
59173144941
59173144942
59173144943
59173144944
59173144945
59173144946
59173144947
59173144948
59173144949
59173144950
59173144951
59173144952
59173144953
59173144954
59173144955
59173144956
59173144957
59173144958
59173144959
59173144960
59173144961
59173144962
59173144963
59173144964
59173144965
59173144966
59173144967
59173144968
59173144969
59173144970
59173144971
59173144972
59173144973
59173144974
59173144975
59173144976
59173144977
59173144978
59173144979
59173144980
59173144981
59173144982
59173144983
59173144984
59173144985
59173144986
59173144987
59173144988
59173144989
59173144990
59173144991
59173144992
59173144993
59173144994
59173144995
59173144996
59173144997
59173144998
59173144999
59173145000
59173145001
59173145002
59173145003
59173145004
59173145005
59173145006
59173145007
59173145008
59173145009
59173145010
59173145011
59173145012
59173145013
59173145014
59173145015
59173145016
59173145017
59173145018
59173145019
59173145020
59173145021
59173145022
59173145023
59173145024
59173145025
59173145026
59173145027
59173145028
59173145029
59173145030
59173145031
59173145032
59173145033
59173145034
59173145035
59173145036
59173145037
59173145038
59173145039
59173145040
59173145041
59173145042
59173145043
59173145044
59173145045
59173145046
59173145047
59173145048
59173145049
59173145050
59173145051
59173145052
59173145053
59173145054
59173145055
59173145056
59173145057
59173145058
59173145059
59173145060
59173145061
59173145062
59173145063
59173145064
59173145065
59173145066
59173145067
59173145068
59173145069
59173145070
59173145071
59173145072
59173145073
59173145074
59173145075
59173145076
59173145077
59173145078
59173145079
59173145080
59173145081
59173145082
59173145083
59173145084
59173145085
59173145086
59173145087
59173145088
59173145089
59173145090
59173145091
59173145092
59173145093
59173145094
59173145095
59173145096
59173145097
59173145098
59173145099
59173145100
59173145101
59173145102
59173145103
59173145104
59173145105
59173145106
59173145107
59173145108
59173145109
59173145110
59173145111
59173145112
59173145113
59173145114
59173145115
59173145116
59173145117
59173145118
59173145119
59173145120
59173145121
59173145122
59173145123
59173145124
59173145125
59173145126
59173145127
59173145128
59173145129
59173145130
59173145131
59173145132
59173145133
59173145134
59173145135
59173145136
59173145137
59173145138
59173145139
59173145140
59173145141
59173145142
59173145143
59173145144
59173145145
59173145146
59173145147
59173145148
59173145149
59173145150
59173145151
59173145152
59173145153
59173145154
59173145155
59173145156
59173145157
59173145158
59173145159
59173145160
59173145161
59173145162
59173145163
59173145164
59173145165
59173145166
59173145167
59173145168
59173145169
59173145170
59173145171
59173145172
59173145173
59173145174
59173145175
59173145176
59173145177
59173145178
59173145179
59173145180
59173145181
59173145182
59173145183
59173145184
59173145185
59173145186
59173145187
59173145188
59173145189
59173145190
59173145191
59173145192
59173145193
59173145194
59173145195
59173145196
59173145197
59173145198
59173145199
59173145200
59173145201
59173145202
59173145203
59173145204
59173145205
59173145206
59173145207
59173145208
59173145209
59173145210
59173145211
59173145212
59173145213
59173145214
59173145215
59173145216
59173145217
59173145218
59173145219
59173145220
59173145221
59173145222
59173145223
59173145224
59173145225
59173145226
59173145227
59173145228
59173145229
59173145230
59173145231
59173145232
59173145233
59173145234
59173145235
59173145236
59173145237
59173145238
59173145239
59173145240
59173145241
59173145242
59173145243
59173145244
59173145245
59173145246
59173145247
59173145248
59173145249
59173145250
59173145251
59173145252
59173145253
59173145254
59173145255
59173145256
59173145257
59173145258
59173145259
59173145260
59173145261
59173145262
59173145263
59173145264
59173145265
59173145266
59173145267
59173145268
59173145269
59173145270
59173145271
59173145272
59173145273
59173145274
59173145275
59173145276
59173145277
59173145278
59173145279
59173145280
59173145281
59173145282
59173145283
59173145284
59173145285
59173145286
59173145287
59173145288
59173145289
59173145290
59173145291
59173145292
59173145293
59173145294
59173145295
59173145296
59173145297
59173145298
59173145299
59173145300
59173145301
59173145302
59173145303
59173145304
59173145305
59173145306
59173145307
59173145308
59173145309
59173145310
59173145311
59173145312
59173145313
59173145314
59173145315
59173145316
59173145317
59173145318
59173145319
59173145320
59173145321
59173145322
59173145323
59173145324
59173145325
59173145326
59173145327
59173145328
59173145329
59173145330
59173145331
59173145332
59173145333
59173145334
59173145335
59173145336
59173145337
59173145338
59173145339
59173145340
59173145341
59173145342
59173145343
59173145344
59173145345
59173145346
59173145347
59173145348
59173145349
59173145350
59173145351
59173145352
59173145353
59173145354
59173145355
59173145356
59173145357
59173145358
59173145359
59173145360
59173145361
59173145362
59173145363
59173145364
59173145365
59173145366
59173145367
59173145368
59173145369
59173145370
59173145371
59173145372
59173145373
59173145374
59173145375
59173145376
59173145377
59173145378
59173145379
59173145380
59173145381
59173145382
59173145383
59173145384
59173145385
59173145386
59173145387
59173145388
59173145389
59173145390
59173145391
59173145392
59173145393
59173145394
59173145395
59173145396
59173145397
59173145398
59173145399
59173145400
59173145401
59173145402
59173145403
59173145404
59173145405
59173145406
59173145407
59173145408
59173145409
59173145410
59173145411
59173145412
59173145413
59173145414
59173145415
59173145416
59173145417
59173145418
59173145419
59173145420
59173145421
59173145422
59173145423
59173145424
59173145425
59173145426
59173145427
59173145428
59173145429
59173145430
59173145431
59173145432
59173145433
59173145434
59173145435
59173145436
59173145437
59173145438
59173145439
59173145440
59173145441
59173145442
59173145443
59173145444
59173145445
59173145446
59173145447
59173145448
59173145449
59173145450
59173145451
59173145452
59173145453
59173145454
59173145455
59173145456
59173145457
59173145458
59173145459
59173145460
59173145461
59173145462
59173145463
59173145464
59173145465
59173145466
59173145467
59173145468
59173145469
59173145470
59173145471
59173145472
59173145473
59173145474
59173145475
59173145476
59173145477
59173145478
59173145479
59173145480
59173145481
59173145482
59173145483
59173145484
59173145485
59173145486
59173145487
59173145488
59173145489
59173145490
59173145491
59173145492
59173145493
59173145494
59173145495
59173145496
59173145497
59173145498
59173145499
59173145500
59173145501
59173145502
59173145503
59173145504
59173145505
59173145506
59173145507
59173145508
59173145509
59173145510
59173145511
59173145512
59173145513
59173145514
59173145515
59173145516
59173145517
59173145518
59173145519
59173145520
59173145521
59173145522
59173145523
59173145524
59173145525
59173145526
59173145527
59173145528
59173145529
59173145530
59173145531
59173145532
59173145533
59173145534
59173145535
59173145536
59173145537
59173145538
59173145539
59173145540
59173145541
59173145542
59173145543
59173145544
59173145545
59173145546
59173145547
59173145548
59173145549
59173145550
59173145551
59173145552
59173145553
59173145554
59173145555
59173145556
59173145557
59173145558
59173145559
59173145560
59173145561
59173145562
59173145563
59173145564
59173145565
59173145566
59173145567
59173145568
59173145569
59173145570
59173145571
59173145572
59173145573
59173145574
59173145575
59173145576
59173145577
59173145578
59173145579
59173145580
59173145581
59173145582
59173145583
59173145584
59173145585
59173145586
59173145587
59173145588
59173145589
59173145590
59173145591
59173145592
59173145593
59173145594
59173145595
59173145596
59173145597
59173145598
59173145599
59173145600
59173145601
59173145602
59173145603
59173145604
59173145605
59173145606
59173145607
59173145608
59173145609
59173145610
59173145611
59173145612
59173145613
59173145614
59173145615
59173145616
59173145617
59173145618
59173145619
59173145620
59173145621
59173145622
59173145623
59173145624
59173145625
59173145626
59173145627
59173145628
59173145629
59173145630
59173145631
59173145632
59173145633
59173145634
59173145635
59173145636
59173145637
59173145638
59173145639
59173145640
59173145641
59173145642
59173145643
59173145644
59173145645
59173145646
59173145647
59173145648
59173145649
59173145650
59173145651
59173145652
59173145653
59173145654
59173145655
59173145656
59173145657
59173145658
59173145659
59173145660
59173145661
59173145662
59173145663
59173145664
59173145665
59173145666
59173145667
59173145668
59173145669
59173145670
59173145671
59173145672
59173145673
59173145674
59173145675
59173145676
59173145677
59173145678
59173145679
59173145680
59173145681
59173145682
59173145683
59173145684
59173145685
59173145686
59173145687
59173145688
59173145689
59173145690
59173145691
59173145692
59173145693
59173145694
59173145695
59173145696
59173145697
59173145698
59173145699
59173145700
59173145701
59173145702
59173145703
59173145704
59173145705
59173145706
59173145707
59173145708
59173145709
59173145710
59173145711
59173145712
59173145713
59173145714
59173145715
59173145716
59173145717
59173145718
59173145719
59173145720
59173145721
59173145722
59173145723
59173145724
59173145725
59173145726
59173145727
59173145728
59173145729
59173145730
59173145731
59173145732
59173145733
59173145734
59173145735
59173145736
59173145737
59173145738
59173145739
59173145740
59173145741
59173145742
59173145743
59173145744
59173145745
59173145746
59173145747
59173145748
59173145749
59173145750
59173145751
59173145752
59173145753
59173145754
59173145755
59173145756
59173145757
59173145758
59173145759
59173145760
59173145761
59173145762
59173145763
59173145764
59173145765
59173145766
59173145767
59173145768
59173145769
59173145770
59173145771
59173145772
59173145773
59173145774
59173145775
59173145776
59173145777
59173145778
59173145779
59173145780
59173145781
59173145782
59173145783
59173145784
59173145785
59173145786
59173145787
59173145788
59173145789
59173145790
59173145791
59173145792
59173145793
59173145794
59173145795
59173145796
59173145797
59173145798
59173145799
59173145800
59173145801
59173145802
59173145803
59173145804
59173145805
59173145806
59173145807
59173145808
59173145809
59173145810
59173145811
59173145812
59173145813
59173145814
59173145815
59173145816
59173145817
59173145818
59173145819
59173145820
59173145821
59173145822
59173145823
59173145824
59173145825
59173145826
59173145827
59173145828
59173145829
59173145830
59173145831
59173145832
59173145833
59173145834
59173145835
59173145836
59173145837
59173145838
59173145839
59173145840
59173145841
59173145842
59173145843
59173145844
59173145845
59173145846
59173145847
59173145848
59173145849
59173145850
59173145851
59173145852
59173145853
59173145854
59173145855
59173145856
59173145857
59173145858
59173145859
59173145860
59173145861
59173145862
59173145863
59173145864
59173145865
59173145866
59173145867
59173145868
59173145869
59173145870
59173145871
59173145872
59173145873
59173145874
59173145875
59173145876
59173145877
59173145878
59173145879
59173145880
59173145881
59173145882
59173145883
59173145884
59173145885
59173145886
59173145887
59173145888
59173145889
59173145890
59173145891
59173145892
59173145893
59173145894
59173145895
59173145896
59173145897
59173145898
59173145899
59173145900
59173145901
59173145902
59173145903
59173145904
59173145905
59173145906
59173145907
59173145908
59173145909
59173145910
59173145911
59173145912
59173145913
59173145914
59173145915
59173145916
59173145917
59173145918
59173145919
59173145920
59173145921
59173145922
59173145923
59173145924
59173145925
59173145926
59173145927
59173145928
59173145929
59173145930
59173145931
59173145932
59173145933
59173145934
59173145935
59173145936
59173145937
59173145938
59173145939
59173145940
59173145941
59173145942
59173145943
59173145944
59173145945
59173145946
59173145947
59173145948
59173145949
59173145950
59173145951
59173145952
59173145953
59173145954
59173145955
59173145956
59173145957
59173145958
59173145959
59173145960
59173145961
59173145962
59173145963
59173145964
59173145965
59173145966
59173145967
59173145968
59173145969
59173145970
59173145971
59173145972
59173145973
59173145974
59173145975
59173145976
59173145977
59173145978
59173145979
59173145980
59173145981
59173145982
59173145983
59173145984
59173145985
59173145986
59173145987
59173145988
59173145989
59173145990
59173145991
59173145992
59173145993
59173145994
59173145995
59173145996
59173145997
59173145998
59173145999
59173146000
59173146001
59173146002
59173146003
59173146004
59173146005
59173146006
59173146007
59173146008
59173146009
59173146010
59173146011
59173146012
59173146013
59173146014
59173146015
59173146016
59173146017
59173146018
59173146019
59173146020
59173146021
59173146022
59173146023
59173146024
59173146025
59173146026
59173146027
59173146028
59173146029
59173146030
59173146031
59173146032
59173146033
59173146034
59173146035
59173146036
59173146037
59173146038
59173146039
59173146040
59173146041
59173146042
59173146043
59173146044
59173146045
59173146046
59173146047
59173146048
59173146049
59173146050
59173146051
59173146052
59173146053
59173146054
59173146055
59173146056
59173146057
59173146058
59173146059
59173146060
59173146061
59173146062
59173146063
59173146064
59173146065
59173146066
59173146067
59173146068
59173146069
59173146070
59173146071
59173146072
59173146073
59173146074
59173146075
59173146076
59173146077
59173146078
59173146079
59173146080
59173146081
59173146082
59173146083
59173146084
59173146085
59173146086
59173146087
59173146088
59173146089
59173146090
59173146091
59173146092
59173146093
59173146094
59173146095
59173146096
59173146097
59173146098
59173146099
59173146100
59173146101
59173146102
59173146103
59173146104
59173146105
59173146106
59173146107
59173146108
59173146109
59173146110
59173146111
59173146112
59173146113
59173146114
59173146115
59173146116
59173146117
59173146118
59173146119
59173146120
59173146121
59173146122
59173146123
59173146124
59173146125
59173146126
59173146127
59173146128
59173146129
59173146130
59173146131
59173146132
59173146133
59173146134
59173146135
59173146136
59173146137
59173146138
59173146139
59173146140
59173146141
59173146142
59173146143
59173146144
59173146145
59173146146
59173146147
59173146148
59173146149
59173146150
59173146151
59173146152
59173146153
59173146154
59173146155
59173146156
59173146157
59173146158
59173146159
59173146160
59173146161
59173146162
59173146163
59173146164
59173146165
59173146166
59173146167
59173146168
59173146169
59173146170
59173146171
59173146172
59173146173
59173146174
59173146175
59173146176
59173146177
59173146178
59173146179
59173146180
59173146181
59173146182
59173146183
59173146184
59173146185
59173146186
59173146187
59173146188
59173146189
59173146190
59173146191
59173146192
59173146193
59173146194
59173146195
59173146196
59173146197
59173146198
59173146199
59173146200
59173146201
59173146202
59173146203
59173146204
59173146205
59173146206
59173146207
59173146208
59173146209
59173146210
59173146211
59173146212
59173146213
59173146214
59173146215
59173146216
59173146217
59173146218
59173146219
59173146220
59173146221
59173146222
59173146223
59173146224
59173146225
59173146226
59173146227
59173146228
59173146229
59173146230
59173146231
59173146232
59173146233
59173146234
59173146235
59173146236
59173146237
59173146238
59173146239
59173146240
59173146241
59173146242
59173146243
59173146244
59173146245
59173146246
59173146247
59173146248
59173146249
59173146250
59173146251
59173146252
59173146253
59173146254
59173146255
59173146256
59173146257
59173146258
59173146259
59173146260
59173146261
59173146262
59173146263
59173146264
59173146265
59173146266
59173146267
59173146268
59173146269
59173146270
59173146271
59173146272
59173146273
59173146274
59173146275
59173146276
59173146277
59173146278
59173146279
59173146280
59173146281
59173146282
59173146283
59173146284
59173146285
59173146286
59173146287
59173146288
59173146289
59173146290
59173146291
59173146292
59173146293
59173146294
59173146295
59173146296
59173146297
59173146298
59173146299
59173146300
59173146301
59173146302
59173146303
59173146304
59173146305
59173146306
59173146307
59173146308
59173146309
59173146310
59173146311
59173146312
59173146313
59173146314
59173146315
59173146316
59173146317
59173146318
59173146319
59173146320
59173146321
59173146322
59173146323
59173146324
59173146325
59173146326
59173146327
59173146328
59173146329
59173146330
59173146331
59173146332
59173146333
59173146334
59173146335
59173146336
59173146337
59173146338
59173146339
59173146340
59173146341
59173146342
59173146343
59173146344
59173146345
59173146346
59173146347
59173146348
59173146349
59173146350
59173146351
59173146352
59173146353
59173146354
59173146355
59173146356
59173146357
59173146358
59173146359
59173146360
59173146361
59173146362
59173146363
59173146364
59173146365
59173146366
59173146367
59173146368
59173146369
59173146370
59173146371
59173146372
59173146373
59173146374
59173146375
59173146376
59173146377
59173146378
59173146379
59173146380
59173146381
59173146382
59173146383
59173146384
59173146385
59173146386
59173146387
59173146388
59173146389
59173146390
59173146391
59173146392
59173146393
59173146394
59173146395
59173146396
59173146397
59173146398
59173146399
59173146400
59173146401
59173146402
59173146403
59173146404
59173146405
59173146406
59173146407
59173146408
59173146409
59173146410
59173146411
59173146412
59173146413
59173146414
59173146415
59173146416
59173146417
59173146418
59173146419
59173146420
59173146421
59173146422
59173146423
59173146424
59173146425
59173146426
59173146427
59173146428
59173146429
59173146430
59173146431
59173146432
59173146433
59173146434
59173146435
59173146436
59173146437
59173146438
59173146439
59173146440
59173146441
59173146442
59173146443
59173146444
59173146445
59173146446
59173146447
59173146448
59173146449
59173146450
59173146451
59173146452
59173146453
59173146454
59173146455
59173146456
59173146457
59173146458
59173146459
59173146460
59173146461
59173146462
59173146463
59173146464
59173146465
59173146466
59173146467
59173146468
59173146469
59173146470
59173146471
59173146472
59173146473
59173146474
59173146475
59173146476
59173146477
59173146478
59173146479
59173146480
59173146481
59173146482
59173146483
59173146484
59173146485
59173146486
59173146487
59173146488
59173146489
59173146490
59173146491
59173146492
59173146493
59173146494
59173146495
59173146496
59173146497
59173146498
59173146499
59173146500
59173146501
59173146502
59173146503
59173146504
59173146505
59173146506
59173146507
59173146508
59173146509
59173146510
59173146511
59173146512
59173146513
59173146514
59173146515
59173146516
59173146517
59173146518
59173146519
59173146520
59173146521
59173146522
59173146523
59173146524
59173146525
59173146526
59173146527
59173146528
59173146529
59173146530
59173146531
59173146532
59173146533
59173146534
59173146535
59173146536
59173146537
59173146538
59173146539
59173146540
59173146541
59173146542
59173146543
59173146544
59173146545
59173146546
59173146547
59173146548
59173146549
59173146550
59173146551
59173146552
59173146553
59173146554
59173146555
59173146556
59173146557
59173146558
59173146559
59173146560
59173146561
59173146562
59173146563
59173146564
59173146565
59173146566
59173146567
59173146568
59173146569
59173146570
59173146571
59173146572
59173146573
59173146574
59173146575
59173146576
59173146577
59173146578
59173146579
59173146580
59173146581
59173146582
59173146583
59173146584
59173146585
59173146586
59173146587
59173146588
59173146589
59173146590
59173146591
59173146592
59173146593
59173146594
59173146595
59173146596
59173146597
59173146598
59173146599
59173146600
59173146601
59173146602
59173146603
59173146604
59173146605
59173146606
59173146607
59173146608
59173146609
59173146610
59173146611
59173146612
59173146613
59173146614
59173146615
59173146616
59173146617
59173146618
59173146619
59173146620
59173146621
59173146622
59173146623
59173146624
59173146625
59173146626
59173146627
59173146628
59173146629
59173146630
59173146631
59173146632
59173146633
59173146634
59173146635
59173146636
59173146637
59173146638
59173146639
59173146640
59173146641
59173146642
59173146643
59173146644
59173146645
59173146646
59173146647
59173146648
59173146649
59173146650
59173146651
59173146652
59173146653
59173146654
59173146655
59173146656
59173146657
59173146658
59173146659
59173146660
59173146661
59173146662
59173146663
59173146664
59173146665
59173146666
59173146667
59173146668
59173146669
59173146670
59173146671
59173146672
59173146673
59173146674
59173146675
59173146676
59173146677
59173146678
59173146679
59173146680
59173146681
59173146682
59173146683
59173146684
59173146685
59173146686
59173146687
59173146688
59173146689
59173146690
59173146691
59173146692
59173146693
59173146694
59173146695
59173146696
59173146697
59173146698
59173146699
59173146700
59173146701
59173146702
59173146703
59173146704
59173146705
59173146706
59173146707
59173146708
59173146709
59173146710
59173146711
59173146712
59173146713
59173146714
59173146715
59173146716
59173146717
59173146718
59173146719
59173146720
59173146721
59173146722
59173146723
59173146724
59173146725
59173146726
59173146727
59173146728
59173146729
59173146730
59173146731
59173146732
59173146733
59173146734
59173146735
59173146736
59173146737
59173146738
59173146739
59173146740
59173146741
59173146742
59173146743
59173146744
59173146745
59173146746
59173146747
59173146748
59173146749
59173146750
59173146751
59173146752
59173146753
59173146754
59173146755
59173146756
59173146757
59173146758
59173146759
59173146760
59173146761
59173146762
59173146763
59173146764
59173146765
59173146766
59173146767
59173146768
59173146769
59173146770
59173146771
59173146772
59173146773
59173146774
59173146775
59173146776
59173146777
59173146778
59173146779
59173146780
59173146781
59173146782
59173146783
59173146784
59173146785
59173146786
59173146787
59173146788
59173146789
59173146790
59173146791
59173146792
59173146793
59173146794
59173146795
59173146796
59173146797
59173146798
59173146799
59173146800
59173146801
59173146802
59173146803
59173146804
59173146805
59173146806
59173146807
59173146808
59173146809
59173146810
59173146811
59173146812
59173146813
59173146814
59173146815
59173146816
59173146817
59173146818
59173146819
59173146820
59173146821
59173146822
59173146823
59173146824
59173146825
59173146826
59173146827
59173146828
59173146829
59173146830
59173146831
59173146832
59173146833
59173146834
59173146835
59173146836
59173146837
59173146838
59173146839
59173146840
59173146841
59173146842
59173146843
59173146844
59173146845
59173146846
59173146847
59173146848
59173146849
59173146850
59173146851
59173146852
59173146853
59173146854
59173146855
59173146856
59173146857
59173146858
59173146859
59173146860
59173146861
59173146862
59173146863
59173146864
59173146865
59173146866
59173146867
59173146868
59173146869
59173146870
59173146871
59173146872
59173146873
59173146874
59173146875
59173146876
59173146877
59173146878
59173146879
59173146880
59173146881
59173146882
59173146883
59173146884
59173146885
59173146886
59173146887
59173146888
59173146889
59173146890
59173146891
59173146892
59173146893
59173146894
59173146895
59173146896
59173146897
59173146898
59173146899
59173146900
59173146901
59173146902
59173146903
59173146904
59173146905
59173146906
59173146907
59173146908
59173146909
59173146910
59173146911
59173146912
59173146913
59173146914
59173146915
59173146916
59173146917
59173146918
59173146919
59173146920
59173146921
59173146922
59173146923
59173146924
59173146925
59173146926
59173146927
59173146928
59173146929
59173146930
59173146931
59173146932
59173146933
59173146934
59173146935
59173146936
59173146937
59173146938
59173146939
59173146940
59173146941
59173146942
59173146943
59173146944
59173146945
59173146946
59173146947
59173146948
59173146949
59173146950
59173146951
59173146952
59173146953
59173146954
59173146955
59173146956
59173146957
59173146958
59173146959
59173146960
59173146961
59173146962
59173146963
59173146964
59173146965
59173146966
59173146967
59173146968
59173146969
59173146970
59173146971
59173146972
59173146973
59173146974
59173146975
59173146976
59173146977
59173146978
59173146979
59173146980
59173146981
59173146982
59173146983
59173146984
59173146985
59173146986
59173146987
59173146988
59173146989
59173146990
59173146991
59173146992
59173146993
59173146994
59173146995
59173146996
59173146997
59173146998
59173146999
59173147000
59173147001
59173147002
59173147003
59173147004
59173147005
59173147006
59173147007
59173147008
59173147009
59173147010
59173147011
59173147012
59173147013
59173147014
59173147015
59173147016
59173147017
59173147018
59173147019
59173147020
59173147021
59173147022
59173147023
59173147024
59173147025
59173147026
59173147027
59173147028
59173147029
59173147030
59173147031
59173147032
59173147033
59173147034
59173147035
59173147036
59173147037
59173147038
59173147039
59173147040
59173147041
59173147042
59173147043
59173147044
59173147045
59173147046
59173147047
59173147048
59173147049
59173147050
59173147051
59173147052
59173147053
59173147054
59173147055
59173147056
59173147057
59173147058
59173147059
59173147060
59173147061
59173147062
59173147063
59173147064
59173147065
59173147066
59173147067
59173147068
59173147069
59173147070
59173147071
59173147072
59173147073
59173147074
59173147075
59173147076
59173147077
59173147078
59173147079
59173147080
59173147081
59173147082
59173147083
59173147084
59173147085
59173147086
59173147087
59173147088
59173147089
59173147090
59173147091
59173147092
59173147093
59173147094
59173147095
59173147096
59173147097
59173147098
59173147099
59173147100
59173147101
59173147102
59173147103
59173147104
59173147105
59173147106
59173147107
59173147108
59173147109
59173147110
59173147111
59173147112
59173147113
59173147114
59173147115
59173147116
59173147117
59173147118
59173147119
59173147120
59173147121
59173147122
59173147123
59173147124
59173147125
59173147126
59173147127
59173147128
59173147129
59173147130
59173147131
59173147132
59173147133
59173147134
59173147135
59173147136
59173147137
59173147138
59173147139
59173147140
59173147141
59173147142
59173147143
59173147144
59173147145
59173147146
59173147147
59173147148
59173147149
59173147150
59173147151
59173147152
59173147153
59173147154
59173147155
59173147156
59173147157
59173147158
59173147159
59173147160
59173147161
59173147162
59173147163
59173147164
59173147165
59173147166
59173147167
59173147168
59173147169
59173147170
59173147171
59173147172
59173147173
59173147174
59173147175
59173147176
59173147177
59173147178
59173147179
59173147180
59173147181
59173147182
59173147183
59173147184
59173147185
59173147186
59173147187
59173147188
59173147189
59173147190
59173147191
59173147192
59173147193
59173147194
59173147195
59173147196
59173147197
59173147198
59173147199
59173147200
59173147201
59173147202
59173147203
59173147204
59173147205
59173147206
59173147207
59173147208
59173147209
59173147210
59173147211
59173147212
59173147213
59173147214
59173147215
59173147216
59173147217
59173147218
59173147219
59173147220
59173147221
59173147222
59173147223
59173147224
59173147225
59173147226
59173147227
59173147228
59173147229
59173147230
59173147231
59173147232
59173147233
59173147234
59173147235
59173147236
59173147237
59173147238
59173147239
59173147240
59173147241
59173147242
59173147243
59173147244
59173147245
59173147246
59173147247
59173147248
59173147249
59173147250
59173147251
59173147252
59173147253
59173147254
59173147255
59173147256
59173147257
59173147258
59173147259
59173147260
59173147261
59173147262
59173147263
59173147264
59173147265
59173147266
59173147267
59173147268
59173147269
59173147270
59173147271
59173147272
59173147273
59173147274
59173147275
59173147276
59173147277
59173147278
59173147279
59173147280
59173147281
59173147282
59173147283
59173147284
59173147285
59173147286
59173147287
59173147288
59173147289
59173147290
59173147291
59173147292
59173147293
59173147294
59173147295
59173147296
59173147297
59173147298
59173147299
59173147300
59173147301
59173147302
59173147303
59173147304
59173147305
59173147306
59173147307
59173147308
59173147309
59173147310
59173147311
59173147312
59173147313
59173147314
59173147315
59173147316
59173147317
59173147318
59173147319
59173147320
59173147321
59173147322
59173147323
59173147324
59173147325
59173147326
59173147327
59173147328
59173147329
59173147330
59173147331
59173147332
59173147333
59173147334
59173147335
59173147336
59173147337
59173147338
59173147339
59173147340
59173147341
59173147342
59173147343
59173147344
59173147345
59173147346
59173147347
59173147348
59173147349
59173147350
59173147351
59173147352
59173147353
59173147354
59173147355
59173147356
59173147357
59173147358
59173147359
59173147360
59173147361
59173147362
59173147363
59173147364
59173147365
59173147366
59173147367
59173147368
59173147369
59173147370
59173147371
59173147372
59173147373
59173147374
59173147375
59173147376
59173147377
59173147378
59173147379
59173147380
59173147381
59173147382
59173147383
59173147384
59173147385
59173147386
59173147387
59173147388
59173147389
59173147390
59173147391
59173147392
59173147393
59173147394
59173147395
59173147396
59173147397
59173147398
59173147399
59173147400
59173147401
59173147402
59173147403
59173147404
59173147405
59173147406
59173147407
59173147408
59173147409
59173147410
59173147411
59173147412
59173147413
59173147414
59173147415
59173147416
59173147417
59173147418
59173147419
59173147420
59173147421
59173147422
59173147423
59173147424
59173147425
59173147426
59173147427
59173147428
59173147429
59173147430
59173147431
59173147432
59173147433
59173147434
59173147435
59173147436
59173147437
59173147438
59173147439
59173147440
59173147441
59173147442
59173147443
59173147444
59173147445
59173147446
59173147447
59173147448
59173147449
59173147450
59173147451
59173147452
59173147453
59173147454
59173147455
59173147456
59173147457
59173147458
59173147459
59173147460
59173147461
59173147462
59173147463
59173147464
59173147465
59173147466
59173147467
59173147468
59173147469
59173147470
59173147471
59173147472
59173147473
59173147474
59173147475
59173147476
59173147477
59173147478
59173147479
59173147480
59173147481
59173147482
59173147483
59173147484
59173147485
59173147486
59173147487
59173147488
59173147489
59173147490
59173147491
59173147492
59173147493
59173147494
59173147495
59173147496
59173147497
59173147498
59173147499
59173147500
59173147501
59173147502
59173147503
59173147504
59173147505
59173147506
59173147507
59173147508
59173147509
59173147510
59173147511
59173147512
59173147513
59173147514
59173147515
59173147516
59173147517
59173147518
59173147519
59173147520
59173147521
59173147522
59173147523
59173147524
59173147525
59173147526
59173147527
59173147528
59173147529
59173147530
59173147531
59173147532
59173147533
59173147534
59173147535
59173147536
59173147537
59173147538
59173147539
59173147540
59173147541
59173147542
59173147543
59173147544
59173147545
59173147546
59173147547
59173147548
59173147549
59173147550
59173147551
59173147552
59173147553
59173147554
59173147555
59173147556
59173147557
59173147558
59173147559
59173147560
59173147561
59173147562
59173147563
59173147564
59173147565
59173147566
59173147567
59173147568
59173147569
59173147570
59173147571
59173147572
59173147573
59173147574
59173147575
59173147576
59173147577
59173147578
59173147579
59173147580
59173147581
59173147582
59173147583
59173147584
59173147585
59173147586
59173147587
59173147588
59173147589
59173147590
59173147591
59173147592
59173147593
59173147594
59173147595
59173147596
59173147597
59173147598
59173147599
59173147600
59173147601
59173147602
59173147603
59173147604
59173147605
59173147606
59173147607
59173147608
59173147609
59173147610
59173147611
59173147612
59173147613
59173147614
59173147615
59173147616
59173147617
59173147618
59173147619
59173147620
59173147621
59173147622
59173147623
59173147624
59173147625
59173147626
59173147627
59173147628
59173147629
59173147630
59173147631
59173147632
59173147633
59173147634
59173147635
59173147636
59173147637
59173147638
59173147639
59173147640
59173147641
59173147642
59173147643
59173147644
59173147645
59173147646
59173147647
59173147648
59173147649
59173147650
59173147651
59173147652
59173147653
59173147654
59173147655
59173147656
59173147657
59173147658
59173147659
59173147660
59173147661
59173147662
59173147663
59173147664
59173147665
59173147666
59173147667
59173147668
59173147669
59173147670
59173147671
59173147672
59173147673
59173147674
59173147675
59173147676
59173147677
59173147678
59173147679
59173147680
59173147681
59173147682
59173147683
59173147684
59173147685
59173147686
59173147687
59173147688
59173147689
59173147690
59173147691
59173147692
59173147693
59173147694
59173147695
59173147696
59173147697
59173147698
59173147699
59173147700
59173147701
59173147702
59173147703
59173147704
59173147705
59173147706
59173147707
59173147708
59173147709
59173147710
59173147711
59173147712
59173147713
59173147714
59173147715
59173147716
59173147717
59173147718
59173147719
59173147720
59173147721
59173147722
59173147723
59173147724
59173147725
59173147726
59173147727
59173147728
59173147729
59173147730
59173147731
59173147732
59173147733
59173147734
59173147735
59173147736
59173147737
59173147738
59173147739
59173147740
59173147741
59173147742
59173147743
59173147744
59173147745
59173147746
59173147747
59173147748
59173147749
59173147750
59173147751
59173147752
59173147753
59173147754
59173147755
59173147756
59173147757
59173147758
59173147759
59173147760
59173147761
59173147762
59173147763
59173147764
59173147765
59173147766
59173147767
59173147768
59173147769
59173147770
59173147771
59173147772
59173147773
59173147774
59173147775
59173147776
59173147777
59173147778
59173147779
59173147780
59173147781
59173147782
59173147783
59173147784
59173147785
59173147786
59173147787
59173147788
59173147789
59173147790
59173147791
59173147792
59173147793
59173147794
59173147795
59173147796
59173147797
59173147798
59173147799
59173147800
59173147801
59173147802
59173147803
59173147804
59173147805
59173147806
59173147807
59173147808
59173147809
59173147810
59173147811
59173147812
59173147813
59173147814
59173147815
59173147816
59173147817
59173147818
59173147819
59173147820
59173147821
59173147822
59173147823
59173147824
59173147825
59173147826
59173147827
59173147828
59173147829
59173147830
59173147831
59173147832
59173147833
59173147834
59173147835
59173147836
59173147837
59173147838
59173147839
59173147840
59173147841
59173147842
59173147843
59173147844
59173147845
59173147846
59173147847
59173147848
59173147849
59173147850
59173147851
59173147852
59173147853
59173147854
59173147855
59173147856
59173147857
59173147858
59173147859
59173147860
59173147861
59173147862
59173147863
59173147864
59173147865
59173147866
59173147867
59173147868
59173147869
59173147870
59173147871
59173147872
59173147873
59173147874
59173147875
59173147876
59173147877
59173147878
59173147879
59173147880
59173147881
59173147882
59173147883
59173147884
59173147885
59173147886
59173147887
59173147888
59173147889
59173147890
59173147891
59173147892
59173147893
59173147894
59173147895
59173147896
59173147897
59173147898
59173147899
59173147900
59173147901
59173147902
59173147903
59173147904
59173147905
59173147906
59173147907
59173147908
59173147909
59173147910
59173147911
59173147912
59173147913
59173147914
59173147915
59173147916
59173147917
59173147918
59173147919
59173147920
59173147921
59173147922
59173147923
59173147924
59173147925
59173147926
59173147927
59173147928
59173147929
59173147930
59173147931
59173147932
59173147933
59173147934
59173147935
59173147936
59173147937
59173147938
59173147939
59173147940
59173147941
59173147942
59173147943
59173147944
59173147945
59173147946
59173147947
59173147948
59173147949
59173147950
59173147951
59173147952
59173147953
59173147954
59173147955
59173147956
59173147957
59173147958
59173147959
59173147960
59173147961
59173147962
59173147963
59173147964
59173147965
59173147966
59173147967
59173147968
59173147969
59173147970
59173147971
59173147972
59173147973
59173147974
59173147975
59173147976
59173147977
59173147978
59173147979
59173147980
59173147981
59173147982
59173147983
59173147984
59173147985
59173147986
59173147987
59173147988
59173147989
59173147990
59173147991
59173147992
59173147993
59173147994
59173147995
59173147996
59173147997
59173147998
59173147999
59173148000
59173148001
59173148002
59173148003
59173148004
59173148005
59173148006
59173148007
59173148008
59173148009
59173148010
59173148011
59173148012
59173148013
59173148014
59173148015
59173148016
59173148017
59173148018
59173148019
59173148020
59173148021
59173148022
59173148023
59173148024
59173148025
59173148026
59173148027
59173148028
59173148029
59173148030
59173148031
59173148032
59173148033
59173148034
59173148035
59173148036
59173148037
59173148038
59173148039
59173148040
59173148041
59173148042
59173148043
59173148044
59173148045
59173148046
59173148047
59173148048
59173148049
59173148050
59173148051
59173148052
59173148053
59173148054
59173148055
59173148056
59173148057
59173148058
59173148059
59173148060
59173148061
59173148062
59173148063
59173148064
59173148065
59173148066
59173148067
59173148068
59173148069
59173148070
59173148071
59173148072
59173148073
59173148074
59173148075
59173148076
59173148077
59173148078
59173148079
59173148080
59173148081
59173148082
59173148083
59173148084
59173148085
59173148086
59173148087
59173148088
59173148089
59173148090
59173148091
59173148092
59173148093
59173148094
59173148095
59173148096
59173148097
59173148098
59173148099
59173148100
59173148101
59173148102
59173148103
59173148104
59173148105
59173148106
59173148107
59173148108
59173148109
59173148110
59173148111
59173148112
59173148113
59173148114
59173148115
59173148116
59173148117
59173148118
59173148119
59173148120
59173148121
59173148122
59173148123
59173148124
59173148125
59173148126
59173148127
59173148128
59173148129
59173148130
59173148131
59173148132
59173148133
59173148134
59173148135
59173148136
59173148137
59173148138
59173148139
59173148140
59173148141
59173148142
59173148143
59173148144
59173148145
59173148146
59173148147
59173148148
59173148149
59173148150
59173148151
59173148152
59173148153
59173148154
59173148155
59173148156
59173148157
59173148158
59173148159
59173148160
59173148161
59173148162
59173148163
59173148164
59173148165
59173148166
59173148167
59173148168
59173148169
59173148170
59173148171
59173148172
59173148173
59173148174
59173148175
59173148176
59173148177
59173148178
59173148179
59173148180
59173148181
59173148182
59173148183
59173148184
59173148185
59173148186
59173148187
59173148188
59173148189
59173148190
59173148191
59173148192
59173148193
59173148194
59173148195
59173148196
59173148197
59173148198
59173148199
59173148200
59173148201
59173148202
59173148203
59173148204
59173148205
59173148206
59173148207
59173148208
59173148209
59173148210
59173148211
59173148212
59173148213
59173148214
59173148215
59173148216
59173148217
59173148218
59173148219
59173148220
59173148221
59173148222
59173148223
59173148224
59173148225
59173148226
59173148227
59173148228
59173148229
59173148230
59173148231
59173148232
59173148233
59173148234
59173148235
59173148236
59173148237
59173148238
59173148239
59173148240
59173148241
59173148242
59173148243
59173148244
59173148245
59173148246
59173148247
59173148248
59173148249
59173148250
59173148251
59173148252
59173148253
59173148254
59173148255
59173148256
59173148257
59173148258
59173148259
59173148260
59173148261
59173148262
59173148263
59173148264
59173148265
59173148266
59173148267
59173148268
59173148269
59173148270
59173148271
59173148272
59173148273
59173148274
59173148275
59173148276
59173148277
59173148278
59173148279
59173148280
59173148281
59173148282
59173148283
59173148284
59173148285
59173148286
59173148287
59173148288
59173148289
59173148290
59173148291
59173148292
59173148293
59173148294
59173148295
59173148296
59173148297
59173148298
59173148299
59173148300
59173148301
59173148302
59173148303
59173148304
59173148305
59173148306
59173148307
59173148308
59173148309
59173148310
59173148311
59173148312
59173148313
59173148314
59173148315
59173148316
59173148317
59173148318
59173148319
59173148320
59173148321
59173148322
59173148323
59173148324
59173148325
59173148326
59173148327
59173148328
59173148329
59173148330
59173148331
59173148332
59173148333
59173148334
59173148335
59173148336
59173148337
59173148338
59173148339
59173148340
59173148341
59173148342
59173148343
59173148344
59173148345
59173148346
59173148347
59173148348
59173148349
59173148350
59173148351
59173148352
59173148353
59173148354
59173148355
59173148356
59173148357
59173148358
59173148359
59173148360
59173148361
59173148362
59173148363
59173148364
59173148365
59173148366
59173148367
59173148368
59173148369
59173148370
59173148371
59173148372
59173148373
59173148374
59173148375
59173148376
59173148377
59173148378
59173148379
59173148380
59173148381
59173148382
59173148383
59173148384
59173148385
59173148386
59173148387
59173148388
59173148389
59173148390
59173148391
59173148392
59173148393
59173148394
59173148395
59173148396
59173148397
59173148398
59173148399
59173148400
59173148401
59173148402
59173148403
59173148404
59173148405
59173148406
59173148407
59173148408
59173148409
59173148410
59173148411
59173148412
59173148413
59173148414
59173148415
59173148416
59173148417
59173148418
59173148419
59173148420
59173148421
59173148422
59173148423
59173148424
59173148425
59173148426
59173148427
59173148428
59173148429
59173148430
59173148431
59173148432
59173148433
59173148434
59173148435
59173148436
59173148437
59173148438
59173148439
59173148440
59173148441
59173148442
59173148443
59173148444
59173148445
59173148446
59173148447
59173148448
59173148449
59173148450
59173148451
59173148452
59173148453
59173148454
59173148455
59173148456
59173148457
59173148458
59173148459
59173148460
59173148461
59173148462
59173148463
59173148464
59173148465
59173148466
59173148467
59173148468
59173148469
59173148470
59173148471
59173148472
59173148473
59173148474
59173148475
59173148476
59173148477
59173148478
59173148479
59173148480
59173148481
59173148482
59173148483
59173148484
59173148485
59173148486
59173148487
59173148488
59173148489
59173148490
59173148491
59173148492
59173148493
59173148494
59173148495
59173148496
59173148497
59173148498
59173148499
59173148500
59173148501
59173148502
59173148503
59173148504
59173148505
59173148506
59173148507
59173148508
59173148509
59173148510
59173148511
59173148512
59173148513
59173148514
59173148515
59173148516
59173148517
59173148518
59173148519
59173148520
59173148521
59173148522
59173148523
59173148524
59173148525
59173148526
59173148527
59173148528
59173148529
59173148530
59173148531
59173148532
59173148533
59173148534
59173148535
59173148536
59173148537
59173148538
59173148539
59173148540
59173148541
59173148542
59173148543
59173148544
59173148545
59173148546
59173148547
59173148548
59173148549
59173148550
59173148551
59173148552
59173148553
59173148554
59173148555
59173148556
59173148557
59173148558
59173148559
59173148560
59173148561
59173148562
59173148563
59173148564
59173148565
59173148566
59173148567
59173148568
59173148569
59173148570
59173148571
59173148572
59173148573
59173148574
59173148575
59173148576
59173148577
59173148578
59173148579
59173148580
59173148581
59173148582
59173148583
59173148584
59173148585
59173148586
59173148587
59173148588
59173148589
59173148590
59173148591
59173148592
59173148593
59173148594
59173148595
59173148596
59173148597
59173148598
59173148599
59173148600
59173148601
59173148602
59173148603
59173148604
59173148605
59173148606
59173148607
59173148608
59173148609
59173148610
59173148611
59173148612
59173148613
59173148614
59173148615
59173148616
59173148617
59173148618
59173148619
59173148620
59173148621
59173148622
59173148623
59173148624
59173148625
59173148626
59173148627
59173148628
59173148629
59173148630
59173148631
59173148632
59173148633
59173148634
59173148635
59173148636
59173148637
59173148638
59173148639
59173148640
59173148641
59173148642
59173148643
59173148644
59173148645
59173148646
59173148647
59173148648
59173148649
59173148650
59173148651
59173148652
59173148653
59173148654
59173148655
59173148656
59173148657
59173148658
59173148659
59173148660
59173148661
59173148662
59173148663
59173148664
59173148665
59173148666
59173148667
59173148668
59173148669
59173148670
59173148671
59173148672
59173148673
59173148674
59173148675
59173148676
59173148677
59173148678
59173148679
59173148680
59173148681
59173148682
59173148683
59173148684
59173148685
59173148686
59173148687
59173148688
59173148689
59173148690
59173148691
59173148692
59173148693
59173148694
59173148695
59173148696
59173148697
59173148698
59173148699
59173148700
59173148701
59173148702
59173148703
59173148704
59173148705
59173148706
59173148707
59173148708
59173148709
59173148710
59173148711
59173148712
59173148713
59173148714
59173148715
59173148716
59173148717
59173148718
59173148719
59173148720
59173148721
59173148722
59173148723
59173148724
59173148725
59173148726
59173148727
59173148728
59173148729
59173148730
59173148731
59173148732
59173148733
59173148734
59173148735
59173148736
59173148737
59173148738
59173148739
59173148740
59173148741
59173148742
59173148743
59173148744
59173148745
59173148746
59173148747
59173148748
59173148749
59173148750
59173148751
59173148752
59173148753
59173148754
59173148755
59173148756
59173148757
59173148758
59173148759
59173148760
59173148761
59173148762
59173148763
59173148764
59173148765
59173148766
59173148767
59173148768
59173148769
59173148770
59173148771
59173148772
59173148773
59173148774
59173148775
59173148776
59173148777
59173148778
59173148779
59173148780
59173148781
59173148782
59173148783
59173148784
59173148785
59173148786
59173148787
59173148788
59173148789
59173148790
59173148791
59173148792
59173148793
59173148794
59173148795
59173148796
59173148797
59173148798
59173148799
59173148800
59173148801
59173148802
59173148803
59173148804
59173148805
59173148806
59173148807
59173148808
59173148809
59173148810
59173148811
59173148812
59173148813
59173148814
59173148815
59173148816
59173148817
59173148818
59173148819
59173148820
59173148821
59173148822
59173148823
59173148824
59173148825
59173148826
59173148827
59173148828
59173148829
59173148830
59173148831
59173148832
59173148833
59173148834
59173148835
59173148836
59173148837
59173148838
59173148839
59173148840
59173148841
59173148842
59173148843
59173148844
59173148845
59173148846
59173148847
59173148848
59173148849
59173148850
59173148851
59173148852
59173148853
59173148854
59173148855
59173148856
59173148857
59173148858
59173148859
59173148860
59173148861
59173148862
59173148863
59173148864
59173148865
59173148866
59173148867
59173148868
59173148869
59173148870
59173148871
59173148872
59173148873
59173148874
59173148875
59173148876
59173148877
59173148878
59173148879
59173148880
59173148881
59173148882
59173148883
59173148884
59173148885
59173148886
59173148887
59173148888
59173148889
59173148890
59173148891
59173148892
59173148893
59173148894
59173148895
59173148896
59173148897
59173148898
59173148899
59173148900
59173148901
59173148902
59173148903
59173148904
59173148905
59173148906
59173148907
59173148908
59173148909
59173148910
59173148911
59173148912
59173148913
59173148914
59173148915
59173148916
59173148917
59173148918
59173148919
59173148920
59173148921
59173148922
59173148923
59173148924
59173148925
59173148926
59173148927
59173148928
59173148929
59173148930
59173148931
59173148932
59173148933
59173148934
59173148935
59173148936
59173148937
59173148938
59173148939
59173148940
59173148941
59173148942
59173148943
59173148944
59173148945
59173148946
59173148947
59173148948
59173148949
59173148950
59173148951
59173148952
59173148953
59173148954
59173148955
59173148956
59173148957
59173148958
59173148959
59173148960
59173148961
59173148962
59173148963
59173148964
59173148965
59173148966
59173148967
59173148968
59173148969
59173148970
59173148971
59173148972
59173148973
59173148974
59173148975
59173148976
59173148977
59173148978
59173148979
59173148980
59173148981
59173148982
59173148983
59173148984
59173148985
59173148986
59173148987
59173148988
59173148989
59173148990
59173148991
59173148992
59173148993
59173148994
59173148995
59173148996
59173148997
59173148998
59173148999
59173149000
59173149001
59173149002
59173149003
59173149004
59173149005
59173149006
59173149007
59173149008
59173149009
59173149010
59173149011
59173149012
59173149013
59173149014
59173149015
59173149016
59173149017
59173149018
59173149019
59173149020
59173149021
59173149022
59173149023
59173149024
59173149025
59173149026
59173149027
59173149028
59173149029
59173149030
59173149031
59173149032
59173149033
59173149034
59173149035
59173149036
59173149037
59173149038
59173149039
59173149040
59173149041
59173149042
59173149043
59173149044
59173149045
59173149046
59173149047
59173149048
59173149049
59173149050
59173149051
59173149052
59173149053
59173149054
59173149055
59173149056
59173149057
59173149058
59173149059
59173149060
59173149061
59173149062
59173149063
59173149064
59173149065
59173149066
59173149067
59173149068
59173149069
59173149070
59173149071
59173149072
59173149073
59173149074
59173149075
59173149076
59173149077
59173149078
59173149079
59173149080
59173149081
59173149082
59173149083
59173149084
59173149085
59173149086
59173149087
59173149088
59173149089
59173149090
59173149091
59173149092
59173149093
59173149094
59173149095
59173149096
59173149097
59173149098
59173149099
59173149100
59173149101
59173149102
59173149103
59173149104
59173149105
59173149106
59173149107
59173149108
59173149109
59173149110
59173149111
59173149112
59173149113
59173149114
59173149115
59173149116
59173149117
59173149118
59173149119
59173149120
59173149121
59173149122
59173149123
59173149124
59173149125
59173149126
59173149127
59173149128
59173149129
59173149130
59173149131
59173149132
59173149133
59173149134
59173149135
59173149136
59173149137
59173149138
59173149139
59173149140
59173149141
59173149142
59173149143
59173149144
59173149145
59173149146
59173149147
59173149148
59173149149
59173149150
59173149151
59173149152
59173149153
59173149154
59173149155
59173149156
59173149157
59173149158
59173149159
59173149160
59173149161
59173149162
59173149163
59173149164
59173149165
59173149166
59173149167
59173149168
59173149169
59173149170
59173149171
59173149172
59173149173
59173149174
59173149175
59173149176
59173149177
59173149178
59173149179
59173149180
59173149181
59173149182
59173149183
59173149184
59173149185
59173149186
59173149187
59173149188
59173149189
59173149190
59173149191
59173149192
59173149193
59173149194
59173149195
59173149196
59173149197
59173149198
59173149199
59173149200
59173149201
59173149202
59173149203
59173149204
59173149205
59173149206
59173149207
59173149208
59173149209
59173149210
59173149211
59173149212
59173149213
59173149214
59173149215
59173149216
59173149217
59173149218
59173149219
59173149220
59173149221
59173149222
59173149223
59173149224
59173149225
59173149226
59173149227
59173149228
59173149229
59173149230
59173149231
59173149232
59173149233
59173149234
59173149235
59173149236
59173149237
59173149238
59173149239
59173149240
59173149241
59173149242
59173149243
59173149244
59173149245
59173149246
59173149247
