
59177824712
59177824713
59177824714
59177824715
59177824716
59177824717
59177824718
59177824719
59177824720
59177824721
59177824722
59177824723
59177824724
59177824725
59177824726
59177824727
59177824728
59177824729
59177824730
59177824731
59177824732
59177824733
59177824734
59177824735
59177824736
59177824737
59177824738
59177824739
59177824740
59177824741
59177824742
59177824743
59177824744
59177824745
59177824746
59177824747
59177824748
59177824749
59177824750
59177824751
59177824752
59177824753
59177824754
59177824755
59177824756
59177824757
59177824758
59177824759
59177824760
59177824761
59177824762
59177824763
59177824764
59177824765
59177824766
59177824767
59177824768
59177824769
59177824770
59177824771
59177824772
59177824773
59177824774
59177824775
59177824776
59177824777
59177824778
59177824779
59177824780
59177824781
59177824782
59177824783
59177824784
59177824785
59177824786
59177824787
59177824788
59177824789
59177824790
59177824791
59177824792
59177824793
59177824794
59177824795
59177824796
59177824797
59177824798
59177824799
59177824800
59177824801
59177824802
59177824803
59177824804
59177824805
59177824806
59177824807
59177824808
59177824809
59177824810
59177824811
59177824812
59177824813
59177824814
59177824815
59177824816
59177824817
59177824818
59177824819
59177824820
59177824821
59177824822
59177824823
59177824824
59177824825
59177824826
59177824827
59177824828
59177824829
59177824830
59177824831
59177824832
59177824833
59177824834
59177824835
59177824836
59177824837
59177824838
59177824839
59177824840
59177824841
59177824842
59177824843
59177824844
59177824845
59177824846
59177824847
59177824848
59177824849
59177824850
59177824851
59177824852
59177824853
59177824854
59177824855
59177824856
59177824857
59177824858
59177824859
59177824860
59177824861
59177824862
59177824863
59177824864
59177824865
59177824866
59177824867
59177824868
59177824869
59177824870
59177824871
59177824872
59177824873
59177824874
59177824875
59177824876
59177824877
59177824878
59177824879
59177824880
59177824881
59177824882
59177824883
59177824884
59177824885
59177824886
59177824887
59177824888
59177824889
59177824890
59177824891
59177824892
59177824893
59177824894
59177824895
59177824896
59177824897
59177824898
59177824899
59177824900
59177824901
59177824902
59177824903
59177824904
59177824905
59177824906
59177824907
59177824908
59177824909
59177824910
59177824911
59177824912
59177824913
59177824914
59177824915
59177824916
59177824917
59177824918
59177824919
59177824920
59177824921
59177824922
59177824923
59177824924
59177824925
59177824926
59177824927
59177824928
59177824929
59177824930
59177824931
59177824932
59177824933
59177824934
59177824935
59177824936
59177824937
59177824938
59177824939
59177824940
59177824941
59177824942
59177824943
59177824944
59177824945
59177824946
59177824947
59177824948
59177824949
59177824950
59177824951
59177824952
59177824953
59177824954
59177824955
59177824956
59177824957
59177824958
59177824959
59177824960
59177824961
59177824962
59177824963
59177824964
59177824965
59177824966
59177824967
59177824968
59177824969
59177824970
59177824971
59177824972
59177824973
59177824974
59177824975
59177824976
59177824977
59177824978
59177824979
59177824980
59177824981
59177824982
59177824983
59177824984
59177824985
59177824986
59177824987
59177824988
59177824989
59177824990
59177824991
59177824992
59177824993
59177824994
59177824995
59177824996
59177824997
59177824998
59177824999
59177825000
59177825001
59177825002
59177825003
59177825004
59177825005
59177825006
59177825007
59177825008
59177825009
59177825010
59177825011
59177825012
59177825013
59177825014
59177825015
59177825016
59177825017
59177825018
59177825019
59177825020
59177825021
59177825022
59177825023
59177825024
59177825025
59177825026
59177825027
59177825028
59177825029
59177825030
59177825031
59177825032
59177825033
59177825034
59177825035
59177825036
59177825037
59177825038
59177825039
59177825040
59177825041
59177825042
59177825043
59177825044
59177825045
59177825046
59177825047
59177825048
59177825049
59177825050
59177825051
59177825052
59177825053
59177825054
59177825055
59177825056
59177825057
59177825058
59177825059
59177825060
59177825061
59177825062
59177825063
59177825064
59177825065
59177825066
59177825067
59177825068
59177825069
59177825070
59177825071
59177825072
59177825073
59177825074
59177825075
59177825076
59177825077
59177825078
59177825079
59177825080
59177825081
59177825082
59177825083
59177825084
59177825085
59177825086
59177825087
59177825088
59177825089
59177825090
59177825091
59177825092
59177825093
59177825094
59177825095
59177825096
59177825097
59177825098
59177825099
59177825100
59177825101
59177825102
59177825103
59177825104
59177825105
59177825106
59177825107
59177825108
59177825109
59177825110
59177825111
59177825112
59177825113
59177825114
59177825115
59177825116
59177825117
59177825118
59177825119
59177825120
59177825121
59177825122
59177825123
59177825124
59177825125
59177825126
59177825127
59177825128
59177825129
59177825130
59177825131
59177825132
59177825133
59177825134
59177825135
59177825136
59177825137
59177825138
59177825139
59177825140
59177825141
59177825142
59177825143
59177825144
59177825145
59177825146
59177825147
59177825148
59177825149
59177825150
59177825151
59177825152
59177825153
59177825154
59177825155
59177825156
59177825157
59177825158
59177825159
59177825160
59177825161
59177825162
59177825163
59177825164
59177825165
59177825166
59177825167
59177825168
59177825169
59177825170
59177825171
59177825172
59177825173
59177825174
59177825175
59177825176
59177825177
59177825178
59177825179
59177825180
59177825181
59177825182
59177825183
59177825184
59177825185
59177825186
59177825187
59177825188
59177825189
59177825190
59177825191
59177825192
59177825193
59177825194
59177825195
59177825196
59177825197
59177825198
59177825199
59177825200
59177825201
59177825202
59177825203
59177825204
59177825205
59177825206
59177825207
59177825208
59177825209
59177825210
59177825211
59177825212
59177825213
59177825214
59177825215
59177825216
59177825217
59177825218
59177825219
59177825220
59177825221
59177825222
59177825223
59177825224
59177825225
59177825226
59177825227
59177825228
59177825229
59177825230
59177825231
59177825232
59177825233
59177825234
59177825235
59177825236
59177825237
59177825238
59177825239
59177825240
59177825241
59177825242
59177825243
59177825244
59177825245
59177825246
59177825247
59177825248
59177825249
59177825250
59177825251
59177825252
59177825253
59177825254
59177825255
59177825256
59177825257
59177825258
59177825259
59177825260
59177825261
59177825262
59177825263
59177825264
59177825265
59177825266
59177825267
59177825268
59177825269
59177825270
59177825271
59177825272
59177825273
59177825274
59177825275
59177825276
59177825277
59177825278
59177825279
59177825280
59177825281
59177825282
59177825283
59177825284
59177825285
59177825286
59177825287
59177825288
59177825289
59177825290
59177825291
59177825292
59177825293
59177825294
59177825295
59177825296
59177825297
59177825298
59177825299
59177825300
59177825301
59177825302
59177825303
59177825304
59177825305
59177825306
59177825307
59177825308
59177825309
59177825310
59177825311
59177825312
59177825313
59177825314
59177825315
59177825316
59177825317
59177825318
59177825319
59177825320
59177825321
59177825322
59177825323
59177825324
59177825325
59177825326
59177825327
59177825328
59177825329
59177825330
59177825331
59177825332
59177825333
59177825334
59177825335
59177825336
59177825337
59177825338
59177825339
59177825340
59177825341
59177825342
59177825343
59177825344
59177825345
59177825346
59177825347
59177825348
59177825349
59177825350
59177825351
59177825352
59177825353
59177825354
59177825355
59177825356
59177825357
59177825358
59177825359
59177825360
59177825361
59177825362
59177825363
59177825364
59177825365
59177825366
59177825367
59177825368
59177825369
59177825370
59177825371
59177825372
59177825373
59177825374
59177825375
59177825376
59177825377
59177825378
59177825379
59177825380
59177825381
59177825382
59177825383
59177825384
59177825385
59177825386
59177825387
59177825388
59177825389
59177825390
59177825391
59177825392
59177825393
59177825394
59177825395
59177825396
59177825397
59177825398
59177825399
59177825400
59177825401
59177825402
59177825403
59177825404
59177825405
59177825406
59177825407
59177825408
59177825409
59177825410
59177825411
59177825412
59177825413
59177825414
59177825415
59177825416
59177825417
59177825418
59177825419
59177825420
59177825421
59177825422
59177825423
59177825424
59177825425
59177825426
59177825427
59177825428
59177825429
59177825430
59177825431
59177825432
59177825433
59177825434
59177825435
59177825436
59177825437
59177825438
59177825439
59177825440
59177825441
59177825442
59177825443
59177825444
59177825445
59177825446
59177825447
59177825448
59177825449
59177825450
59177825451
59177825452
59177825453
59177825454
59177825455
59177825456
59177825457
59177825458
59177825459
59177825460
59177825461
59177825462
59177825463
59177825464
59177825465
59177825466
59177825467
59177825468
59177825469
59177825470
59177825471
59177825472
59177825473
59177825474
59177825475
59177825476
59177825477
59177825478
59177825479
59177825480
59177825481
59177825482
59177825483
59177825484
59177825485
59177825486
59177825487
59177825488
59177825489
59177825490
59177825491
59177825492
59177825493
59177825494
59177825495
59177825496
59177825497
59177825498
59177825499
59177825500
59177825501
59177825502
59177825503
59177825504
59177825505
59177825506
59177825507
59177825508
59177825509
59177825510
59177825511
59177825512
59177825513
59177825514
59177825515
59177825516
59177825517
59177825518
59177825519
59177825520
59177825521
59177825522
59177825523
59177825524
59177825525
59177825526
59177825527
59177825528
59177825529
59177825530
59177825531
59177825532
59177825533
59177825534
59177825535
59177825536
59177825537
59177825538
59177825539
59177825540
59177825541
59177825542
59177825543
59177825544
59177825545
59177825546
59177825547
59177825548
59177825549
59177825550
59177825551
59177825552
59177825553
59177825554
59177825555
59177825556
59177825557
59177825558
59177825559
59177825560
59177825561
59177825562
59177825563
59177825564
59177825565
59177825566
59177825567
59177825568
59177825569
59177825570
59177825571
59177825572
59177825573
59177825574
59177825575
59177825576
59177825577
59177825578
59177825579
59177825580
59177825581
59177825582
59177825583
59177825584
59177825585
59177825586
59177825587
59177825588
59177825589
59177825590
59177825591
59177825592
59177825593
59177825594
59177825595
59177825596
59177825597
59177825598
59177825599
59177825600
59177825601
59177825602
59177825603
59177825604
59177825605
59177825606
59177825607
59177825608
59177825609
59177825610
59177825611
59177825612
59177825613
59177825614
59177825615
59177825616
59177825617
59177825618
59177825619
59177825620
59177825621
59177825622
59177825623
59177825624
59177825625
59177825626
59177825627
59177825628
59177825629
59177825630
59177825631
59177825632
59177825633
59177825634
59177825635
59177825636
59177825637
59177825638
59177825639
59177825640
59177825641
59177825642
59177825643
59177825644
59177825645
59177825646
59177825647
59177825648
59177825649
59177825650
59177825651
59177825652
59177825653
59177825654
59177825655
59177825656
59177825657
59177825658
59177825659
59177825660
59177825661
59177825662
59177825663
59177825664
59177825665
59177825666
59177825667
59177825668
59177825669
59177825670
59177825671
59177825672
59177825673
59177825674
59177825675
59177825676
59177825677
59177825678
59177825679
59177825680
59177825681
59177825682
59177825683
59177825684
59177825685
59177825686
59177825687
59177825688
59177825689
59177825690
59177825691
59177825692
59177825693
59177825694
59177825695
59177825696
59177825697
59177825698
59177825699
59177825700
59177825701
59177825702
59177825703
59177825704
59177825705
59177825706
59177825707
59177825708
59177825709
59177825710
59177825711
59177825712
59177825713
59177825714
59177825715
59177825716
59177825717
59177825718
59177825719
59177825720
59177825721
59177825722
59177825723
59177825724
59177825725
59177825726
59177825727
59177825728
59177825729
59177825730
59177825731
59177825732
59177825733
59177825734
59177825735
59177825736
59177825737
59177825738
59177825739
59177825740
59177825741
59177825742
59177825743
59177825744
59177825745
59177825746
59177825747
59177825748
59177825749
59177825750
59177825751
59177825752
59177825753
59177825754
59177825755
59177825756
59177825757
59177825758
59177825759
59177825760
59177825761
59177825762
59177825763
59177825764
59177825765
59177825766
59177825767
59177825768
59177825769
59177825770
59177825771
59177825772
59177825773
59177825774
59177825775
59177825776
59177825777
59177825778
59177825779
59177825780
59177825781
59177825782
59177825783
59177825784
59177825785
59177825786
59177825787
59177825788
59177825789
59177825790
59177825791
59177825792
59177825793
59177825794
59177825795
59177825796
59177825797
59177825798
59177825799
59177825800
59177825801
59177825802
59177825803
59177825804
59177825805
59177825806
59177825807
59177825808
59177825809
59177825810
59177825811
59177825812
59177825813
59177825814
59177825815
59177825816
59177825817
59177825818
59177825819
59177825820
59177825821
59177825822
59177825823
59177825824
59177825825
59177825826
59177825827
59177825828
59177825829
59177825830
59177825831
59177825832
59177825833
59177825834
59177825835
59177825836
59177825837
59177825838
59177825839
59177825840
59177825841
59177825842
59177825843
59177825844
59177825845
59177825846
59177825847
59177825848
59177825849
59177825850
59177825851
59177825852
59177825853
59177825854
59177825855
59177825856
59177825857
59177825858
59177825859
59177825860
59177825861
59177825862
59177825863
59177825864
59177825865
59177825866
59177825867
59177825868
59177825869
59177825870
59177825871
59177825872
59177825873
59177825874
59177825875
59177825876
59177825877
59177825878
59177825879
59177825880
59177825881
59177825882
59177825883
59177825884
59177825885
59177825886
59177825887
59177825888
59177825889
59177825890
59177825891
59177825892
59177825893
59177825894
59177825895
59177825896
59177825897
59177825898
59177825899
59177825900
59177825901
59177825902
59177825903
59177825904
59177825905
59177825906
59177825907
59177825908
59177825909
59177825910
59177825911
59177825912
59177825913
59177825914
59177825915
59177825916
59177825917
59177825918
59177825919
59177825920
59177825921
59177825922
59177825923
59177825924
59177825925
59177825926
59177825927
59177825928
59177825929
59177825930
59177825931
59177825932
59177825933
59177825934
59177825935
59177825936
59177825937
59177825938
59177825939
59177825940
59177825941
59177825942
59177825943
59177825944
59177825945
59177825946
59177825947
59177825948
59177825949
59177825950
59177825951
59177825952
59177825953
59177825954
59177825955
59177825956
59177825957
59177825958
59177825959
59177825960
59177825961
59177825962
59177825963
59177825964
59177825965
59177825966
59177825967
59177825968
59177825969
59177825970
59177825971
59177825972
59177825973
59177825974
59177825975
59177825976
59177825977
59177825978
59177825979
59177825980
59177825981
59177825982
59177825983
59177825984
59177825985
59177825986
59177825987
59177825988
59177825989
59177825990
59177825991
59177825992
59177825993
59177825994
59177825995
59177825996
59177825997
59177825998
59177825999
59177826000
59177826001
59177826002
59177826003
59177826004
59177826005
59177826006
59177826007
59177826008
59177826009
59177826010
59177826011
59177826012
59177826013
59177826014
59177826015
59177826016
59177826017
59177826018
59177826019
59177826020
59177826021
59177826022
59177826023
59177826024
59177826025
59177826026
59177826027
59177826028
59177826029
59177826030
59177826031
59177826032
59177826033
59177826034
59177826035
59177826036
59177826037
59177826038
59177826039
59177826040
59177826041
59177826042
59177826043
59177826044
59177826045
59177826046
59177826047
59177826048
59177826049
59177826050
59177826051
59177826052
59177826053
59177826054
59177826055
59177826056
59177826057
59177826058
59177826059
59177826060
59177826061
59177826062
59177826063
59177826064
59177826065
59177826066
59177826067
59177826068
59177826069
59177826070
59177826071
59177826072
59177826073
59177826074
59177826075
59177826076
59177826077
59177826078
59177826079
59177826080
59177826081
59177826082
59177826083
59177826084
59177826085
59177826086
59177826087
59177826088
59177826089
59177826090
59177826091
59177826092
59177826093
59177826094
59177826095
59177826096
59177826097
59177826098
59177826099
59177826100
59177826101
59177826102
59177826103
59177826104
59177826105
59177826106
59177826107
59177826108
59177826109
59177826110
59177826111
59177826112
59177826113
59177826114
59177826115
59177826116
59177826117
59177826118
59177826119
59177826120
59177826121
59177826122
59177826123
59177826124
59177826125
59177826126
59177826127
59177826128
59177826129
59177826130
59177826131
59177826132
59177826133
59177826134
59177826135
59177826136
59177826137
59177826138
59177826139
59177826140
59177826141
59177826142
59177826143
59177826144
59177826145
59177826146
59177826147
59177826148
59177826149
59177826150
59177826151
59177826152
59177826153
59177826154
59177826155
59177826156
59177826157
59177826158
59177826159
59177826160
59177826161
59177826162
59177826163
59177826164
59177826165
59177826166
59177826167
59177826168
59177826169
59177826170
59177826171
59177826172
59177826173
59177826174
59177826175
59177826176
59177826177
59177826178
59177826179
59177826180
59177826181
59177826182
59177826183
59177826184
59177826185
59177826186
59177826187
59177826188
59177826189
59177826190
59177826191
59177826192
59177826193
59177826194
59177826195
59177826196
59177826197
59177826198
59177826199
59177826200
59177826201
59177826202
59177826203
59177826204
59177826205
59177826206
59177826207
59177826208
59177826209
59177826210
59177826211
59177826212
59177826213
59177826214
59177826215
59177826216
59177826217
59177826218
59177826219
59177826220
59177826221
59177826222
59177826223
59177826224
59177826225
59177826226
59177826227
59177826228
59177826229
59177826230
59177826231
59177826232
59177826233
59177826234
59177826235
59177826236
59177826237
59177826238
59177826239
59177826240
59177826241
59177826242
59177826243
59177826244
59177826245
59177826246
59177826247
59177826248
59177826249
59177826250
59177826251
59177826252
59177826253
59177826254
59177826255
59177826256
59177826257
59177826258
59177826259
59177826260
59177826261
59177826262
59177826263
59177826264
59177826265
59177826266
59177826267
59177826268
59177826269
59177826270
59177826271
59177826272
59177826273
59177826274
59177826275
59177826276
59177826277
59177826278
59177826279
59177826280
59177826281
59177826282
59177826283
59177826284
59177826285
59177826286
59177826287
59177826288
59177826289
59177826290
59177826291
59177826292
59177826293
59177826294
59177826295
59177826296
59177826297
59177826298
59177826299
59177826300
59177826301
59177826302
59177826303
59177826304
59177826305
59177826306
59177826307
59177826308
59177826309
59177826310
59177826311
59177826312
59177826313
59177826314
59177826315
59177826316
59177826317
59177826318
59177826319
59177826320
59177826321
59177826322
59177826323
59177826324
59177826325
59177826326
59177826327
59177826328
59177826329
59177826330
59177826331
59177826332
59177826333
59177826334
59177826335
59177826336
59177826337
59177826338
59177826339
59177826340
59177826341
59177826342
59177826343
59177826344
59177826345
59177826346
59177826347
59177826348
59177826349
59177826350
59177826351
59177826352
59177826353
59177826354
59177826355
59177826356
59177826357
59177826358
59177826359
59177826360
59177826361
59177826362
59177826363
59177826364
59177826365
59177826366
59177826367
59177826368
59177826369
59177826370
59177826371
59177826372
59177826373
59177826374
59177826375
59177826376
59177826377
59177826378
59177826379
59177826380
