
59165515328
59165515329
59165515330
59165515331
59165515332
59165515333
59165515334
59165515335
59165515336
59165515337
59165515338
59165515339
59165515340
59165515341
59165515342
59165515343
59165515344
59165515345
59165515346
59165515347
59165515348
59165515349
59165515350
59165515351
59165515352
59165515353
59165515354
59165515355
59165515356
59165515357
59165515358
59165515359
59165515360
59165515361
59165515362
59165515363
59165515364
59165515365
59165515366
59165515367
59165515368
59165515369
59165515370
59165515371
59165515372
59165515373
59165515374
59165515375
59165515376
59165515377
59165515378
59165515379
59165515380
59165515381
59165515382
59165515383
59165515384
59165515385
59165515386
59165515387
59165515388
59165515389
59165515390
59165515391
59165515392
59165515393
59165515394
59165515395
59165515396
59165515397
59165515398
59165515399
59165515400
59165515401
59165515402
59165515403
59165515404
59165515405
59165515406
59165515407
59165515408
59165515409
59165515410
59165515411
59165515412
59165515413
59165515414
59165515415
59165515416
59165515417
59165515418
59165515419
59165515420
59165515421
59165515422
59165515423
59165515424
59165515425
59165515426
59165515427
59165515428
59165515429
59165515430
59165515431
59165515432
59165515433
59165515434
59165515435
59165515436
59165515437
59165515438
59165515439
59165515440
59165515441
59165515442
59165515443
59165515444
59165515445
59165515446
59165515447
59165515448
59165515449
59165515450
59165515451
59165515452
59165515453
59165515454
59165515455
59165515456
59165515457
59165515458
59165515459
59165515460
59165515461
59165515462
59165515463
59165515464
59165515465
59165515466
59165515467
59165515468
59165515469
59165515470
59165515471
59165515472
59165515473
59165515474
59165515475
59165515476
59165515477
59165515478
59165515479
59165515480
59165515481
59165515482
59165515483
59165515484
59165515485
59165515486
59165515487
59165515488
59165515489
59165515490
59165515491
59165515492
59165515493
59165515494
59165515495
59165515496
59165515497
59165515498
59165515499
59165515500
59165515501
59165515502
59165515503
59165515504
59165515505
59165515506
59165515507
59165515508
59165515509
59165515510
59165515511
59165515512
59165515513
59165515514
59165515515
59165515516
59165515517
59165515518
59165515519
59165515520
59165515521
59165515522
59165515523
59165515524
59165515525
59165515526
59165515527
59165515528
59165515529
59165515530
59165515531
59165515532
59165515533
59165515534
59165515535
59165515536
59165515537
59165515538
59165515539
59165515540
59165515541
59165515542
59165515543
59165515544
59165515545
59165515546
59165515547
59165515548
59165515549
59165515550
59165515551
59165515552
59165515553
59165515554
59165515555
59165515556
59165515557
59165515558
59165515559
59165515560
59165515561
59165515562
59165515563
59165515564
59165515565
59165515566
59165515567
59165515568
59165515569
59165515570
59165515571
59165515572
59165515573
59165515574
59165515575
59165515576
59165515577
59165515578
59165515579
59165515580
59165515581
59165515582
59165515583
59165515584
59165515585
59165515586
59165515587
59165515588
59165515589
59165515590
59165515591
59165515592
59165515593
59165515594
59165515595
59165515596
59165515597
59165515598
59165515599
59165515600
59165515601
59165515602
59165515603
59165515604
59165515605
59165515606
59165515607
59165515608
59165515609
59165515610
59165515611
59165515612
59165515613
59165515614
59165515615
59165515616
59165515617
59165515618
59165515619
59165515620
59165515621
59165515622
59165515623
59165515624
59165515625
59165515626
59165515627
59165515628
59165515629
59165515630
59165515631
59165515632
59165515633
59165515634
59165515635
59165515636
59165515637
59165515638
59165515639
59165515640
59165515641
59165515642
59165515643
59165515644
59165515645
59165515646
59165515647
59165515648
59165515649
59165515650
59165515651
59165515652
59165515653
59165515654
59165515655
59165515656
59165515657
59165515658
59165515659
59165515660
59165515661
59165515662
59165515663
59165515664
59165515665
59165515666
59165515667
59165515668
59165515669
59165515670
59165515671
59165515672
59165515673
59165515674
59165515675
59165515676
59165515677
59165515678
59165515679
59165515680
59165515681
59165515682
59165515683
59165515684
59165515685
59165515686
59165515687
59165515688
59165515689
59165515690
59165515691
59165515692
59165515693
59165515694
59165515695
59165515696
59165515697
59165515698
59165515699
59165515700
59165515701
59165515702
59165515703
59165515704
59165515705
59165515706
59165515707
59165515708
59165515709
59165515710
59165515711
59165515712
59165515713
59165515714
59165515715
59165515716
59165515717
59165515718
59165515719
59165515720
59165515721
59165515722
59165515723
59165515724
59165515725
59165515726
59165515727
59165515728
59165515729
59165515730
59165515731
59165515732
59165515733
59165515734
59165515735
59165515736
59165515737
59165515738
59165515739
59165515740
59165515741
59165515742
59165515743
59165515744
59165515745
59165515746
59165515747
59165515748
59165515749
59165515750
59165515751
59165515752
59165515753
59165515754
59165515755
59165515756
59165515757
59165515758
59165515759
59165515760
59165515761
59165515762
59165515763
59165515764
59165515765
59165515766
59165515767
59165515768
59165515769
59165515770
59165515771
59165515772
59165515773
59165515774
59165515775
59165515776
59165515777
59165515778
59165515779
59165515780
59165515781
59165515782
59165515783
59165515784
59165515785
59165515786
59165515787
59165515788
59165515789
59165515790
59165515791
59165515792
59165515793
59165515794
59165515795
59165515796
59165515797
59165515798
59165515799
59165515800
59165515801
59165515802
59165515803
59165515804
59165515805
59165515806
59165515807
59165515808
59165515809
59165515810
59165515811
59165515812
59165515813
59165515814
59165515815
59165515816
59165515817
59165515818
59165515819
59165515820
59165515821
59165515822
59165515823
59165515824
59165515825
59165515826
59165515827
59165515828
59165515829
59165515830
59165515831
59165515832
59165515833
59165515834
59165515835
59165515836
59165515837
59165515838
59165515839
59165515840
59165515841
59165515842
59165515843
59165515844
59165515845
59165515846
59165515847
59165515848
59165515849
59165515850
59165515851
59165515852
59165515853
59165515854
59165515855
59165515856
59165515857
59165515858
59165515859
59165515860
59165515861
59165515862
59165515863
59165515864
59165515865
59165515866
59165515867
59165515868
59165515869
59165515870
59165515871
59165515872
59165515873
59165515874
59165515875
59165515876
59165515877
59165515878
59165515879
59165515880
59165515881
59165515882
59165515883
59165515884
59165515885
59165515886
59165515887
59165515888
59165515889
59165515890
59165515891
59165515892
59165515893
59165515894
59165515895
59165515896
59165515897
59165515898
59165515899
59165515900
59165515901
59165515902
59165515903
59165515904
59165515905
59165515906
59165515907
59165515908
59165515909
59165515910
59165515911
59165515912
59165515913
59165515914
59165515915
59165515916
59165515917
59165515918
59165515919
59165515920
59165515921
59165515922
59165515923
59165515924
59165515925
59165515926
59165515927
59165515928
59165515929
59165515930
59165515931
59165515932
59165515933
59165515934
59165515935
59165515936
59165515937
59165515938
59165515939
59165515940
59165515941
59165515942
59165515943
59165515944
59165515945
59165515946
59165515947
59165515948
59165515949
59165515950
59165515951
59165515952
59165515953
59165515954
59165515955
59165515956
59165515957
59165515958
59165515959
59165515960
59165515961
59165515962
59165515963
59165515964
59165515965
59165515966
59165515967
59165515968
59165515969
59165515970
59165515971
59165515972
59165515973
59165515974
59165515975
59165515976
59165515977
59165515978
59165515979
59165515980
59165515981
59165515982
59165515983
59165515984
59165515985
59165515986
59165515987
59165515988
59165515989
59165515990
59165515991
59165515992
59165515993
59165515994
59165515995
59165515996
59165515997
59165515998
59165515999
59165516000
59165516001
59165516002
59165516003
59165516004
59165516005
59165516006
59165516007
59165516008
59165516009
59165516010
59165516011
59165516012
59165516013
59165516014
59165516015
59165516016
59165516017
59165516018
59165516019
59165516020
59165516021
59165516022
59165516023
59165516024
59165516025
59165516026
59165516027
59165516028
59165516029
59165516030
59165516031
59165516032
59165516033
59165516034
59165516035
59165516036
59165516037
59165516038
59165516039
59165516040
59165516041
59165516042
59165516043
59165516044
59165516045
59165516046
59165516047
59165516048
59165516049
59165516050
59165516051
59165516052
59165516053
59165516054
59165516055
59165516056
59165516057
59165516058
59165516059
59165516060
59165516061
59165516062
59165516063
59165516064
59165516065
59165516066
59165516067
59165516068
59165516069
59165516070
59165516071
59165516072
59165516073
59165516074
59165516075
59165516076
59165516077
59165516078
59165516079
59165516080
59165516081
59165516082
59165516083
59165516084
59165516085
59165516086
59165516087
59165516088
59165516089
59165516090
59165516091
59165516092
59165516093
59165516094
59165516095
59165516096
59165516097
59165516098
59165516099
59165516100
59165516101
59165516102
59165516103
59165516104
59165516105
59165516106
59165516107
59165516108
59165516109
59165516110
59165516111
59165516112
59165516113
59165516114
59165516115
59165516116
59165516117
59165516118
59165516119
59165516120
59165516121
59165516122
59165516123
59165516124
59165516125
59165516126
59165516127
59165516128
59165516129
59165516130
59165516131
59165516132
59165516133
59165516134
59165516135
59165516136
59165516137
59165516138
59165516139
59165516140
59165516141
59165516142
59165516143
59165516144
59165516145
59165516146
59165516147
59165516148
59165516149
59165516150
59165516151
59165516152
59165516153
59165516154
59165516155
59165516156
59165516157
59165516158
59165516159
59165516160
59165516161
59165516162
59165516163
59165516164
59165516165
59165516166
59165516167
59165516168
59165516169
59165516170
59165516171
59165516172
59165516173
59165516174
59165516175
59165516176
59165516177
59165516178
59165516179
59165516180
59165516181
59165516182
59165516183
59165516184
59165516185
59165516186
59165516187
59165516188
59165516189
59165516190
59165516191
59165516192
59165516193
59165516194
59165516195
59165516196
59165516197
59165516198
59165516199
59165516200
59165516201
59165516202
59165516203
59165516204
59165516205
59165516206
59165516207
59165516208
59165516209
59165516210
59165516211
59165516212
59165516213
59165516214
59165516215
59165516216
59165516217
59165516218
59165516219
59165516220
59165516221
59165516222
59165516223
59165516224
59165516225
59165516226
59165516227
59165516228
59165516229
59165516230
59165516231
59165516232
59165516233
59165516234
59165516235
59165516236
59165516237
59165516238
59165516239
59165516240
59165516241
59165516242
59165516243
59165516244
59165516245
59165516246
59165516247
59165516248
59165516249
59165516250
59165516251
59165516252
59165516253
59165516254
59165516255
59165516256
59165516257
59165516258
59165516259
59165516260
59165516261
59165516262
59165516263
59165516264
59165516265
59165516266
59165516267
59165516268
59165516269
59165516270
59165516271
59165516272
59165516273
59165516274
59165516275
59165516276
59165516277
59165516278
59165516279
59165516280
59165516281
59165516282
59165516283
59165516284
59165516285
59165516286
59165516287
59165516288
59165516289
59165516290
59165516291
59165516292
59165516293
59165516294
59165516295
59165516296
59165516297
59165516298
59165516299
59165516300
59165516301
59165516302
59165516303
59165516304
59165516305
59165516306
59165516307
59165516308
59165516309
59165516310
59165516311
59165516312
59165516313
59165516314
59165516315
59165516316
59165516317
59165516318
59165516319
59165516320
59165516321
59165516322
59165516323
59165516324
59165516325
59165516326
59165516327
59165516328
59165516329
59165516330
59165516331
59165516332
59165516333
59165516334
59165516335
59165516336
59165516337
59165516338
59165516339
59165516340
59165516341
59165516342
59165516343
59165516344
59165516345
59165516346
59165516347
59165516348
59165516349
59165516350
59165516351
59165516352
59165516353
59165516354
59165516355
59165516356
59165516357
59165516358
59165516359
59165516360
59165516361
59165516362
59165516363
59165516364
59165516365
59165516366
59165516367
59165516368
59165516369
59165516370
59165516371
59165516372
59165516373
59165516374
59165516375
59165516376
59165516377
59165516378
59165516379
59165516380
59165516381
59165516382
59165516383
59165516384
59165516385
59165516386
59165516387
59165516388
59165516389
59165516390
59165516391
59165516392
59165516393
59165516394
59165516395
59165516396
59165516397
59165516398
59165516399
59165516400
59165516401
59165516402
59165516403
59165516404
59165516405
59165516406
59165516407
59165516408
59165516409
59165516410
59165516411
59165516412
59165516413
59165516414
59165516415
59165516416
59165516417
59165516418
59165516419
59165516420
59165516421
59165516422
59165516423
59165516424
59165516425
59165516426
59165516427
59165516428
59165516429
59165516430
59165516431
59165516432
59165516433
59165516434
59165516435
59165516436
59165516437
59165516438
59165516439
59165516440
59165516441
59165516442
59165516443
59165516444
59165516445
59165516446
59165516447
59165516448
59165516449
59165516450
59165516451
59165516452
59165516453
59165516454
59165516455
59165516456
59165516457
59165516458
59165516459
59165516460
59165516461
59165516462
59165516463
59165516464
59165516465
59165516466
59165516467
59165516468
59165516469
59165516470
59165516471
59165516472
59165516473
59165516474
59165516475
59165516476
59165516477
59165516478
59165516479
59165516480
59165516481
59165516482
59165516483
59165516484
59165516485
59165516486
59165516487
59165516488
59165516489
59165516490
59165516491
59165516492
59165516493
59165516494
59165516495
59165516496
59165516497
59165516498
59165516499
59165516500
59165516501
59165516502
59165516503
59165516504
59165516505
59165516506
59165516507
59165516508
59165516509
59165516510
59165516511
59165516512
59165516513
59165516514
59165516515
59165516516
59165516517
59165516518
59165516519
59165516520
59165516521
59165516522
59165516523
59165516524
59165516525
59165516526
59165516527
59165516528
59165516529
59165516530
59165516531
59165516532
59165516533
59165516534
59165516535
59165516536
59165516537
59165516538
59165516539
59165516540
59165516541
59165516542
59165516543
59165516544
59165516545
59165516546
59165516547
59165516548
59165516549
59165516550
59165516551
59165516552
59165516553
59165516554
59165516555
59165516556
59165516557
59165516558
59165516559
59165516560
59165516561
59165516562
59165516563
59165516564
59165516565
59165516566
59165516567
59165516568
59165516569
59165516570
59165516571
59165516572
59165516573
59165516574
59165516575
59165516576
59165516577
59165516578
59165516579
59165516580
59165516581
59165516582
59165516583
59165516584
59165516585
59165516586
59165516587
59165516588
59165516589
59165516590
59165516591
59165516592
59165516593
59165516594
59165516595
59165516596
59165516597
59165516598
59165516599
59165516600
59165516601
59165516602
59165516603
59165516604
59165516605
59165516606
59165516607
59165516608
59165516609
59165516610
59165516611
59165516612
59165516613
59165516614
59165516615
59165516616
59165516617
59165516618
59165516619
59165516620
59165516621
59165516622
59165516623
59165516624
59165516625
59165516626
59165516627
59165516628
59165516629
59165516630
59165516631
59165516632
59165516633
59165516634
59165516635
59165516636
59165516637
59165516638
59165516639
59165516640
59165516641
59165516642
59165516643
59165516644
59165516645
59165516646
59165516647
59165516648
59165516649
59165516650
59165516651
59165516652
59165516653
59165516654
59165516655
59165516656
59165516657
59165516658
59165516659
59165516660
59165516661
59165516662
59165516663
59165516664
59165516665
59165516666
59165516667
59165516668
59165516669
59165516670
59165516671
59165516672
59165516673
59165516674
59165516675
59165516676
59165516677
59165516678
59165516679
59165516680
59165516681
59165516682
59165516683
59165516684
59165516685
59165516686
59165516687
59165516688
59165516689
59165516690
59165516691
59165516692
59165516693
59165516694
59165516695
59165516696
59165516697
59165516698
59165516699
59165516700
59165516701
59165516702
59165516703
59165516704
59165516705
59165516706
59165516707
59165516708
59165516709
59165516710
59165516711
59165516712
59165516713
59165516714
59165516715
59165516716
59165516717
59165516718
59165516719
59165516720
59165516721
59165516722
59165516723
59165516724
59165516725
59165516726
59165516727
59165516728
59165516729
59165516730
59165516731
59165516732
59165516733
59165516734
59165516735
59165516736
59165516737
59165516738
59165516739
59165516740
59165516741
59165516742
59165516743
59165516744
59165516745
59165516746
59165516747
59165516748
59165516749
59165516750
59165516751
59165516752
59165516753
59165516754
59165516755
59165516756
59165516757
59165516758
59165516759
59165516760
59165516761
59165516762
59165516763
59165516764
59165516765
59165516766
59165516767
59165516768
59165516769
59165516770
59165516771
59165516772
59165516773
59165516774
59165516775
59165516776
59165516777
59165516778
59165516779
59165516780
59165516781
59165516782
59165516783
59165516784
59165516785
59165516786
59165516787
59165516788
59165516789
59165516790
59165516791
59165516792
59165516793
59165516794
59165516795
59165516796
59165516797
59165516798
59165516799
59165516800
59165516801
59165516802
59165516803
59165516804
59165516805
59165516806
59165516807
59165516808
59165516809
59165516810
59165516811
59165516812
59165516813
59165516814
59165516815
59165516816
59165516817
59165516818
59165516819
59165516820
59165516821
59165516822
59165516823
59165516824
59165516825
59165516826
59165516827
59165516828
59165516829
59165516830
59165516831
59165516832
59165516833
59165516834
59165516835
59165516836
59165516837
59165516838
59165516839
59165516840
59165516841
59165516842
59165516843
59165516844
59165516845
59165516846
59165516847
59165516848
59165516849
59165516850
59165516851
59165516852
59165516853
59165516854
59165516855
59165516856
59165516857
59165516858
59165516859
59165516860
59165516861
59165516862
59165516863
59165516864
59165516865
59165516866
59165516867
59165516868
59165516869
59165516870
59165516871
59165516872
59165516873
59165516874
59165516875
59165516876
59165516877
59165516878
59165516879
59165516880
59165516881
59165516882
59165516883
59165516884
59165516885
59165516886
59165516887
59165516888
59165516889
59165516890
59165516891
59165516892
59165516893
59165516894
59165516895
59165516896
59165516897
59165516898
59165516899
59165516900
59165516901
59165516902
59165516903
59165516904
59165516905
59165516906
59165516907
59165516908
59165516909
59165516910
59165516911
59165516912
59165516913
59165516914
59165516915
59165516916
59165516917
59165516918
59165516919
59165516920
59165516921
59165516922
59165516923
59165516924
59165516925
59165516926
59165516927
59165516928
59165516929
59165516930
59165516931
59165516932
59165516933
59165516934
59165516935
59165516936
59165516937
59165516938
59165516939
59165516940
59165516941
59165516942
59165516943
59165516944
59165516945
59165516946
59165516947
59165516948
59165516949
59165516950
59165516951
59165516952
59165516953
59165516954
59165516955
59165516956
59165516957
59165516958
59165516959
59165516960
59165516961
59165516962
59165516963
59165516964
59165516965
59165516966
59165516967
59165516968
59165516969
59165516970
59165516971
59165516972
59165516973
59165516974
59165516975
59165516976
59165516977
59165516978
59165516979
59165516980
59165516981
59165516982
59165516983
59165516984
59165516985
59165516986
59165516987
59165516988
59165516989
59165516990
59165516991
59165516992
59165516993
59165516994
59165516995
59165516996
59165516997
59165516998
59165516999
59165517000
59165517001
59165517002
59165517003
59165517004
59165517005
59165517006
59165517007
59165517008
59165517009
59165517010
59165517011
59165517012
59165517013
59165517014
59165517015
59165517016
59165517017
59165517018
59165517019
59165517020
59165517021
59165517022
59165517023
59165517024
59165517025
59165517026
59165517027
59165517028
59165517029
59165517030
59165517031
59165517032
59165517033
59165517034
59165517035
59165517036
59165517037
59165517038
59165517039
59165517040
59165517041
59165517042
59165517043
59165517044
59165517045
59165517046
59165517047
59165517048
59165517049
59165517050
59165517051
59165517052
59165517053
59165517054
59165517055
59165517056
59165517057
59165517058
59165517059
59165517060
59165517061
59165517062
59165517063
59165517064
59165517065
59165517066
59165517067
59165517068
59165517069
59165517070
59165517071
59165517072
59165517073
59165517074
59165517075
59165517076
59165517077
59165517078
59165517079
59165517080
59165517081
59165517082
59165517083
59165517084
59165517085
59165517086
59165517087
59165517088
59165517089
59165517090
59165517091
59165517092
59165517093
59165517094
59165517095
59165517096
59165517097
59165517098
59165517099
59165517100
59165517101
59165517102
59165517103
59165517104
59165517105
59165517106
59165517107
59165517108
59165517109
59165517110
59165517111
59165517112
59165517113
59165517114
59165517115
59165517116
59165517117
59165517118
59165517119
59165517120
59165517121
59165517122
59165517123
59165517124
59165517125
59165517126
59165517127
59165517128
59165517129
59165517130
59165517131
59165517132
59165517133
59165517134
59165517135
59165517136
59165517137
59165517138
59165517139
59165517140
59165517141
59165517142
59165517143
59165517144
59165517145
59165517146
59165517147
59165517148
59165517149
59165517150
59165517151
59165517152
59165517153
59165517154
59165517155
59165517156
59165517157
59165517158
59165517159
59165517160
59165517161
59165517162
59165517163
59165517164
59165517165
59165517166
59165517167
59165517168
59165517169
59165517170
59165517171
59165517172
59165517173
59165517174
59165517175
59165517176
59165517177
59165517178
59165517179
59165517180
59165517181
59165517182
59165517183
59165517184
59165517185
59165517186
59165517187
59165517188
59165517189
59165517190
59165517191
59165517192
59165517193
59165517194
59165517195
59165517196
59165517197
59165517198
59165517199
59165517200
59165517201
59165517202
59165517203
59165517204
59165517205
59165517206
59165517207
59165517208
59165517209
59165517210
59165517211
59165517212
59165517213
59165517214
59165517215
59165517216
59165517217
59165517218
59165517219
59165517220
59165517221
59165517222
59165517223
59165517224
59165517225
59165517226
59165517227
59165517228
59165517229
59165517230
59165517231
59165517232
59165517233
59165517234
59165517235
59165517236
59165517237
59165517238
59165517239
59165517240
59165517241
59165517242
59165517243
59165517244
59165517245
59165517246
59165517247
59165517248
59165517249
59165517250
59165517251
59165517252
59165517253
59165517254
59165517255
59165517256
59165517257
59165517258
59165517259
59165517260
59165517261
59165517262
59165517263
59165517264
59165517265
59165517266
59165517267
59165517268
59165517269
59165517270
59165517271
59165517272
59165517273
59165517274
59165517275
59165517276
59165517277
59165517278
59165517279
59165517280
59165517281
59165517282
59165517283
59165517284
59165517285
59165517286
59165517287
59165517288
59165517289
59165517290
59165517291
59165517292
59165517293
59165517294
59165517295
59165517296
59165517297
59165517298
59165517299
59165517300
59165517301
59165517302
59165517303
59165517304
59165517305
59165517306
59165517307
59165517308
59165517309
59165517310
59165517311
59165517312
59165517313
59165517314
59165517315
59165517316
59165517317
59165517318
59165517319
59165517320
59165517321
59165517322
59165517323
59165517324
59165517325
59165517326
59165517327
59165517328
59165517329
59165517330
59165517331
59165517332
59165517333
59165517334
59165517335
59165517336
59165517337
59165517338
59165517339
59165517340
59165517341
59165517342
59165517343
59165517344
59165517345
59165517346
59165517347
59165517348
59165517349
59165517350
59165517351
59165517352
59165517353
59165517354
59165517355
59165517356
59165517357
59165517358
59165517359
59165517360
59165517361
59165517362
59165517363
59165517364
59165517365
59165517366
59165517367
59165517368
59165517369
59165517370
59165517371
59165517372
59165517373
59165517374
59165517375
59165517376
59165517377
59165517378
59165517379
59165517380
59165517381
59165517382
59165517383
59165517384
59165517385
59165517386
59165517387
59165517388
59165517389
59165517390
59165517391
59165517392
59165517393
59165517394
59165517395
59165517396
59165517397
59165517398
59165517399
59165517400
59165517401
59165517402
59165517403
59165517404
59165517405
59165517406
59165517407
59165517408
59165517409
59165517410
59165517411
59165517412
59165517413
59165517414
59165517415
59165517416
59165517417
59165517418
59165517419
59165517420
59165517421
59165517422
59165517423
59165517424
59165517425
59165517426
59165517427
59165517428
59165517429
59165517430
59165517431
59165517432
59165517433
59165517434
59165517435
59165517436
59165517437
59165517438
59165517439
59165517440
59165517441
59165517442
59165517443
59165517444
59165517445
59165517446
59165517447
59165517448
59165517449
59165517450
59165517451
59165517452
59165517453
59165517454
59165517455
59165517456
59165517457
59165517458
59165517459
59165517460
59165517461
59165517462
59165517463
59165517464
59165517465
59165517466
59165517467
59165517468
59165517469
59165517470
59165517471
59165517472
59165517473
59165517474
59165517475
59165517476
59165517477
59165517478
59165517479
59165517480
59165517481
59165517482
59165517483
59165517484
59165517485
59165517486
59165517487
59165517488
59165517489
59165517490
59165517491
59165517492
59165517493
59165517494
59165517495
59165517496
59165517497
59165517498
59165517499
59165517500
59165517501
59165517502
59165517503
59165517504
59165517505
59165517506
59165517507
59165517508
59165517509
59165517510
59165517511
59165517512
59165517513
59165517514
59165517515
59165517516
59165517517
59165517518
59165517519
59165517520
59165517521
59165517522
59165517523
59165517524
59165517525
59165517526
59165517527
59165517528
59165517529
59165517530
59165517531
59165517532
59165517533
59165517534
59165517535
59165517536
59165517537
59165517538
59165517539
59165517540
59165517541
59165517542
59165517543
59165517544
59165517545
59165517546
59165517547
59165517548
59165517549
59165517550
59165517551
59165517552
59165517553
59165517554
59165517555
59165517556
59165517557
59165517558
59165517559
59165517560
59165517561
59165517562
59165517563
59165517564
59165517565
59165517566
59165517567
59165517568
59165517569
59165517570
59165517571
59165517572
59165517573
59165517574
59165517575
59165517576
59165517577
59165517578
59165517579
59165517580
59165517581
59165517582
59165517583
59165517584
59165517585
59165517586
59165517587
59165517588
59165517589
59165517590
59165517591
59165517592
59165517593
59165517594
59165517595
59165517596
59165517597
59165517598
59165517599
59165517600
59165517601
59165517602
59165517603
59165517604
59165517605
59165517606
59165517607
59165517608
59165517609
59165517610
59165517611
59165517612
59165517613
59165517614
59165517615
59165517616
59165517617
59165517618
59165517619
59165517620
59165517621
59165517622
59165517623
59165517624
59165517625
59165517626
59165517627
59165517628
59165517629
59165517630
59165517631
59165517632
59165517633
59165517634
59165517635
59165517636
59165517637
59165517638
59165517639
59165517640
59165517641
59165517642
59165517643
59165517644
59165517645
59165517646
59165517647
59165517648
59165517649
59165517650
59165517651
59165517652
59165517653
59165517654
59165517655
59165517656
59165517657
59165517658
59165517659
59165517660
59165517661
59165517662
59165517663
59165517664
59165517665
59165517666
59165517667
59165517668
59165517669
59165517670
59165517671
59165517672
59165517673
59165517674
59165517675
59165517676
59165517677
59165517678
59165517679
59165517680
59165517681
59165517682
59165517683
59165517684
59165517685
59165517686
59165517687
59165517688
59165517689
59165517690
59165517691
59165517692
59165517693
59165517694
59165517695
59165517696
59165517697
59165517698
59165517699
59165517700
59165517701
59165517702
59165517703
59165517704
59165517705
59165517706
59165517707
59165517708
59165517709
59165517710
59165517711
59165517712
59165517713
59165517714
59165517715
59165517716
59165517717
59165517718
59165517719
59165517720
59165517721
59165517722
59165517723
59165517724
59165517725
59165517726
59165517727
59165517728
59165517729
59165517730
59165517731
59165517732
59165517733
59165517734
59165517735
59165517736
59165517737
59165517738
59165517739
59165517740
59165517741
59165517742
59165517743
59165517744
59165517745
59165517746
59165517747
59165517748
59165517749
59165517750
59165517751
59165517752
59165517753
59165517754
59165517755
59165517756
59165517757
59165517758
59165517759
59165517760
59165517761
59165517762
59165517763
59165517764
59165517765
59165517766
59165517767
59165517768
59165517769
59165517770
59165517771
59165517772
59165517773
59165517774
59165517775
59165517776
59165517777
59165517778
59165517779
59165517780
59165517781
59165517782
59165517783
59165517784
59165517785
59165517786
59165517787
59165517788
59165517789
59165517790
59165517791
59165517792
59165517793
59165517794
59165517795
59165517796
59165517797
59165517798
59165517799
59165517800
59165517801
59165517802
59165517803
59165517804
59165517805
59165517806
59165517807
59165517808
59165517809
59165517810
59165517811
59165517812
59165517813
59165517814
59165517815
59165517816
59165517817
59165517818
59165517819
59165517820
59165517821
59165517822
59165517823
59165517824
59165517825
59165517826
59165517827
59165517828
59165517829
59165517830
59165517831
59165517832
59165517833
59165517834
59165517835
59165517836
59165517837
59165517838
59165517839
59165517840
59165517841
59165517842
59165517843
59165517844
59165517845
59165517846
59165517847
59165517848
59165517849
59165517850
59165517851
59165517852
59165517853
59165517854
59165517855
59165517856
59165517857
59165517858
59165517859
59165517860
59165517861
59165517862
59165517863
59165517864
59165517865
59165517866
59165517867
59165517868
59165517869
59165517870
59165517871
59165517872
59165517873
59165517874
59165517875
59165517876
59165517877
59165517878
59165517879
59165517880
59165517881
59165517882
59165517883
59165517884
59165517885
59165517886
59165517887
59165517888
59165517889
59165517890
59165517891
59165517892
59165517893
59165517894
59165517895
59165517896
59165517897
59165517898
59165517899
59165517900
59165517901
59165517902
59165517903
59165517904
59165517905
59165517906
59165517907
59165517908
59165517909
59165517910
59165517911
59165517912
59165517913
59165517914
59165517915
59165517916
59165517917
59165517918
59165517919
59165517920
59165517921
59165517922
59165517923
59165517924
59165517925
59165517926
59165517927
59165517928
59165517929
59165517930
59165517931
59165517932
59165517933
59165517934
59165517935
59165517936
59165517937
59165517938
59165517939
59165517940
59165517941
59165517942
59165517943
59165517944
59165517945
59165517946
59165517947
59165517948
59165517949
59165517950
59165517951
59165517952
59165517953
59165517954
59165517955
59165517956
59165517957
59165517958
59165517959
59165517960
59165517961
59165517962
59165517963
59165517964
59165517965
59165517966
59165517967
59165517968
59165517969
59165517970
59165517971
59165517972
59165517973
59165517974
59165517975
59165517976
59165517977
59165517978
59165517979
59165517980
59165517981
59165517982
59165517983
59165517984
59165517985
59165517986
59165517987
59165517988
59165517989
59165517990
59165517991
59165517992
59165517993
59165517994
59165517995
59165517996
59165517997
59165517998
59165517999
59165518000
59165518001
59165518002
59165518003
59165518004
59165518005
59165518006
59165518007
59165518008
59165518009
59165518010
59165518011
59165518012
59165518013
59165518014
59165518015
59165518016
59165518017
59165518018
59165518019
59165518020
59165518021
59165518022
59165518023
59165518024
59165518025
59165518026
59165518027
59165518028
59165518029
59165518030
59165518031
59165518032
59165518033
59165518034
59165518035
59165518036
59165518037
59165518038
59165518039
59165518040
59165518041
59165518042
59165518043
59165518044
59165518045
59165518046
59165518047
59165518048
59165518049
59165518050
59165518051
59165518052
59165518053
59165518054
59165518055
59165518056
59165518057
59165518058
59165518059
59165518060
59165518061
59165518062
59165518063
59165518064
59165518065
59165518066
59165518067
59165518068
59165518069
59165518070
59165518071
59165518072
59165518073
59165518074
59165518075
59165518076
59165518077
59165518078
59165518079
59165518080
59165518081
59165518082
59165518083
59165518084
59165518085
59165518086
59165518087
59165518088
59165518089
59165518090
59165518091
59165518092
59165518093
59165518094
59165518095
59165518096
59165518097
59165518098
59165518099
59165518100
59165518101
59165518102
59165518103
59165518104
59165518105
59165518106
59165518107
59165518108
59165518109
59165518110
59165518111
59165518112
59165518113
59165518114
59165518115
59165518116
59165518117
59165518118
59165518119
59165518120
59165518121
59165518122
59165518123
59165518124
59165518125
59165518126
59165518127
59165518128
59165518129
59165518130
59165518131
59165518132
59165518133
59165518134
59165518135
59165518136
59165518137
59165518138
59165518139
59165518140
59165518141
59165518142
59165518143
59165518144
59165518145
59165518146
59165518147
59165518148
59165518149
59165518150
59165518151
59165518152
59165518153
59165518154
59165518155
59165518156
59165518157
59165518158
59165518159
59165518160
59165518161
59165518162
59165518163
59165518164
59165518165
59165518166
59165518167
59165518168
59165518169
59165518170
59165518171
59165518172
59165518173
59165518174
59165518175
59165518176
59165518177
59165518178
59165518179
59165518180
59165518181
59165518182
59165518183
59165518184
59165518185
59165518186
59165518187
59165518188
59165518189
59165518190
59165518191
59165518192
59165518193
59165518194
59165518195
59165518196
59165518197
59165518198
59165518199
59165518200
59165518201
59165518202
59165518203
59165518204
59165518205
59165518206
59165518207
59165518208
59165518209
59165518210
59165518211
59165518212
59165518213
59165518214
59165518215
59165518216
59165518217
59165518218
59165518219
59165518220
59165518221
59165518222
59165518223
59165518224
59165518225
59165518226
59165518227
59165518228
59165518229
59165518230
59165518231
59165518232
59165518233
59165518234
59165518235
59165518236
59165518237
59165518238
59165518239
59165518240
59165518241
59165518242
59165518243
59165518244
59165518245
59165518246
59165518247
59165518248
59165518249
59165518250
59165518251
59165518252
59165518253
59165518254
59165518255
59165518256
59165518257
59165518258
59165518259
59165518260
59165518261
59165518262
59165518263
59165518264
59165518265
59165518266
59165518267
59165518268
59165518269
59165518270
59165518271
59165518272
59165518273
59165518274
59165518275
59165518276
59165518277
59165518278
59165518279
59165518280
59165518281
59165518282
59165518283
59165518284
59165518285
59165518286
59165518287
59165518288
59165518289
59165518290
59165518291
59165518292
59165518293
59165518294
59165518295
59165518296
59165518297
59165518298
59165518299
59165518300
59165518301
59165518302
59165518303
59165518304
59165518305
59165518306
59165518307
59165518308
59165518309
59165518310
59165518311
59165518312
59165518313
59165518314
59165518315
59165518316
59165518317
59165518318
59165518319
59165518320
59165518321
59165518322
59165518323
59165518324
59165518325
59165518326
59165518327
59165518328
59165518329
59165518330
59165518331
59165518332
59165518333
59165518334
59165518335
59165518336
59165518337
59165518338
59165518339
59165518340
59165518341
59165518342
59165518343
59165518344
59165518345
59165518346
59165518347
59165518348
59165518349
59165518350
59165518351
59165518352
59165518353
59165518354
59165518355
59165518356
59165518357
59165518358
59165518359
59165518360
59165518361
59165518362
59165518363
59165518364
59165518365
59165518366
59165518367
59165518368
59165518369
59165518370
59165518371
59165518372
59165518373
59165518374
59165518375
59165518376
59165518377
59165518378
59165518379
59165518380
59165518381
59165518382
59165518383
59165518384
59165518385
59165518386
59165518387
59165518388
59165518389
59165518390
59165518391
59165518392
59165518393
59165518394
59165518395
59165518396
59165518397
59165518398
59165518399
59165518400
59165518401
59165518402
59165518403
59165518404
59165518405
59165518406
59165518407
59165518408
59165518409
59165518410
59165518411
59165518412
59165518413
59165518414
59165518415
59165518416
59165518417
59165518418
59165518419
59165518420
59165518421
59165518422
59165518423
59165518424
59165518425
59165518426
59165518427
59165518428
59165518429
59165518430
59165518431
59165518432
59165518433
59165518434
59165518435
59165518436
59165518437
59165518438
59165518439
59165518440
59165518441
59165518442
59165518443
59165518444
59165518445
59165518446
59165518447
59165518448
59165518449
59165518450
59165518451
59165518452
59165518453
59165518454
59165518455
59165518456
59165518457
59165518458
59165518459
59165518460
59165518461
59165518462
59165518463
59165518464
59165518465
59165518466
59165518467
59165518468
59165518469
59165518470
59165518471
59165518472
59165518473
59165518474
59165518475
59165518476
59165518477
59165518478
59165518479
59165518480
59165518481
59165518482
59165518483
59165518484
59165518485
59165518486
59165518487
59165518488
59165518489
59165518490
59165518491
59165518492
59165518493
59165518494
59165518495
59165518496
59165518497
59165518498
59165518499
59165518500
59165518501
59165518502
59165518503
59165518504
59165518505
59165518506
59165518507
59165518508
59165518509
59165518510
59165518511
59165518512
59165518513
59165518514
59165518515
59165518516
59165518517
59165518518
59165518519
59165518520
59165518521
59165518522
59165518523
59165518524
59165518525
59165518526
59165518527
59165518528
59165518529
59165518530
59165518531
59165518532
59165518533
59165518534
59165518535
59165518536
59165518537
59165518538
59165518539
59165518540
59165518541
59165518542
59165518543
59165518544
59165518545
59165518546
59165518547
59165518548
59165518549
59165518550
59165518551
59165518552
59165518553
59165518554
59165518555
59165518556
59165518557
59165518558
59165518559
59165518560
59165518561
59165518562
59165518563
59165518564
59165518565
59165518566
59165518567
59165518568
59165518569
59165518570
59165518571
59165518572
59165518573
59165518574
59165518575
59165518576
59165518577
59165518578
59165518579
59165518580
59165518581
59165518582
59165518583
59165518584
59165518585
59165518586
59165518587
59165518588
59165518589
59165518590
59165518591
59165518592
59165518593
59165518594
59165518595
59165518596
59165518597
59165518598
59165518599
59165518600
59165518601
59165518602
59165518603
59165518604
59165518605
59165518606
59165518607
59165518608
59165518609
59165518610
59165518611
59165518612
59165518613
59165518614
59165518615
59165518616
59165518617
59165518618
59165518619
59165518620
59165518621
59165518622
59165518623
59165518624
59165518625
59165518626
59165518627
59165518628
59165518629
59165518630
59165518631
59165518632
59165518633
59165518634
59165518635
59165518636
59165518637
59165518638
59165518639
59165518640
59165518641
59165518642
59165518643
59165518644
59165518645
59165518646
59165518647
59165518648
59165518649
59165518650
59165518651
59165518652
59165518653
59165518654
59165518655
59165518656
59165518657
59165518658
59165518659
59165518660
59165518661
59165518662
59165518663
59165518664
59165518665
59165518666
59165518667
59165518668
59165518669
59165518670
59165518671
59165518672
59165518673
59165518674
59165518675
59165518676
59165518677
59165518678
59165518679
59165518680
59165518681
59165518682
59165518683
59165518684
59165518685
59165518686
59165518687
59165518688
59165518689
59165518690
59165518691
59165518692
59165518693
59165518694
59165518695
59165518696
59165518697
59165518698
59165518699
59165518700
59165518701
59165518702
59165518703
59165518704
59165518705
59165518706
59165518707
59165518708
59165518709
59165518710
59165518711
59165518712
59165518713
59165518714
59165518715
59165518716
59165518717
59165518718
59165518719
59165518720
59165518721
59165518722
59165518723
59165518724
59165518725
59165518726
59165518727
59165518728
59165518729
59165518730
59165518731
59165518732
59165518733
59165518734
59165518735
59165518736
59165518737
59165518738
59165518739
59165518740
59165518741
59165518742
59165518743
59165518744
59165518745
59165518746
59165518747
59165518748
59165518749
59165518750
59165518751
59165518752
59165518753
59165518754
59165518755
59165518756
59165518757
59165518758
59165518759
59165518760
59165518761
59165518762
59165518763
59165518764
59165518765
59165518766
59165518767
59165518768
59165518769
59165518770
59165518771
59165518772
59165518773
59165518774
59165518775
59165518776
59165518777
59165518778
59165518779
59165518780
59165518781
59165518782
59165518783
59165518784
59165518785
59165518786
59165518787
59165518788
59165518789
59165518790
59165518791
59165518792
59165518793
59165518794
59165518795
59165518796
59165518797
59165518798
59165518799
59165518800
59165518801
59165518802
59165518803
59165518804
59165518805
59165518806
59165518807
59165518808
59165518809
59165518810
59165518811
59165518812
59165518813
59165518814
59165518815
59165518816
59165518817
59165518818
59165518819
59165518820
59165518821
59165518822
59165518823
59165518824
59165518825
59165518826
59165518827
59165518828
59165518829
59165518830
59165518831
59165518832
59165518833
59165518834
59165518835
59165518836
59165518837
59165518838
59165518839
59165518840
59165518841
59165518842
59165518843
59165518844
59165518845
59165518846
59165518847
59165518848
59165518849
59165518850
59165518851
59165518852
59165518853
59165518854
59165518855
59165518856
59165518857
59165518858
59165518859
59165518860
59165518861
59165518862
59165518863
59165518864
59165518865
59165518866
59165518867
59165518868
59165518869
59165518870
59165518871
59165518872
59165518873
59165518874
59165518875
59165518876
59165518877
59165518878
59165518879
59165518880
59165518881
59165518882
59165518883
59165518884
59165518885
59165518886
59165518887
59165518888
59165518889
59165518890
59165518891
59165518892
59165518893
59165518894
59165518895
59165518896
59165518897
59165518898
59165518899
59165518900
59165518901
59165518902
59165518903
59165518904
59165518905
59165518906
59165518907
59165518908
59165518909
59165518910
59165518911
59165518912
59165518913
59165518914
59165518915
59165518916
59165518917
59165518918
59165518919
59165518920
59165518921
59165518922
59165518923
59165518924
59165518925
59165518926
59165518927
59165518928
59165518929
59165518930
59165518931
59165518932
59165518933
59165518934
59165518935
59165518936
59165518937
59165518938
59165518939
59165518940
59165518941
59165518942
59165518943
59165518944
59165518945
59165518946
59165518947
59165518948
59165518949
59165518950
59165518951
59165518952
59165518953
59165518954
59165518955
59165518956
59165518957
59165518958
59165518959
59165518960
59165518961
59165518962
59165518963
59165518964
59165518965
59165518966
59165518967
59165518968
59165518969
59165518970
59165518971
59165518972
59165518973
59165518974
59165518975
59165518976
59165518977
59165518978
59165518979
59165518980
59165518981
59165518982
59165518983
59165518984
59165518985
59165518986
59165518987
59165518988
59165518989
59165518990
59165518991
59165518992
59165518993
59165518994
59165518995
59165518996
59165518997
59165518998
59165518999
59165519000
59165519001
59165519002
59165519003
59165519004
59165519005
59165519006
59165519007
59165519008
59165519009
59165519010
59165519011
59165519012
59165519013
59165519014
59165519015
59165519016
59165519017
59165519018
59165519019
59165519020
59165519021
59165519022
59165519023
59165519024
59165519025
59165519026
59165519027
59165519028
59165519029
59165519030
59165519031
59165519032
59165519033
59165519034
59165519035
59165519036
59165519037
59165519038
59165519039
59165519040
59165519041
59165519042
59165519043
59165519044
59165519045
59165519046
59165519047
59165519048
59165519049
59165519050
59165519051
59165519052
59165519053
59165519054
59165519055
59165519056
59165519057
59165519058
59165519059
59165519060
59165519061
59165519062
59165519063
59165519064
59165519065
59165519066
59165519067
59165519068
59165519069
59165519070
59165519071
59165519072
59165519073
59165519074
59165519075
59165519076
59165519077
59165519078
59165519079
59165519080
59165519081
59165519082
59165519083
59165519084
59165519085
59165519086
59165519087
59165519088
59165519089
59165519090
59165519091
59165519092
59165519093
59165519094
59165519095
59165519096
59165519097
59165519098
59165519099
59165519100
59165519101
59165519102
59165519103
59165519104
59165519105
59165519106
59165519107
59165519108
59165519109
59165519110
59165519111
59165519112
59165519113
59165519114
59165519115
59165519116
59165519117
59165519118
59165519119
59165519120
59165519121
59165519122
59165519123
59165519124
59165519125
59165519126
59165519127
59165519128
59165519129
59165519130
59165519131
59165519132
59165519133
59165519134
59165519135
59165519136
59165519137
59165519138
59165519139
59165519140
59165519141
59165519142
59165519143
59165519144
59165519145
59165519146
59165519147
59165519148
59165519149
59165519150
59165519151
59165519152
59165519153
59165519154
59165519155
59165519156
59165519157
59165519158
59165519159
59165519160
59165519161
59165519162
59165519163
59165519164
59165519165
59165519166
59165519167
59165519168
59165519169
59165519170
59165519171
59165519172
59165519173
59165519174
59165519175
59165519176
59165519177
59165519178
59165519179
59165519180
59165519181
59165519182
59165519183
59165519184
59165519185
59165519186
59165519187
59165519188
59165519189
59165519190
59165519191
59165519192
59165519193
59165519194
59165519195
59165519196
59165519197
59165519198
59165519199
59165519200
59165519201
59165519202
59165519203
59165519204
59165519205
59165519206
59165519207
59165519208
59165519209
59165519210
59165519211
59165519212
59165519213
59165519214
59165519215
59165519216
59165519217
59165519218
59165519219
59165519220
59165519221
59165519222
59165519223
59165519224
59165519225
59165519226
59165519227
59165519228
59165519229
59165519230
59165519231
59165519232
59165519233
59165519234
59165519235
59165519236
59165519237
59165519238
59165519239
59165519240
59165519241
59165519242
59165519243
59165519244
59165519245
59165519246
59165519247
59165519248
59165519249
59165519250
59165519251
59165519252
59165519253
59165519254
59165519255
59165519256
59165519257
59165519258
59165519259
59165519260
59165519261
59165519262
59165519263
59165519264
59165519265
59165519266
59165519267
59165519268
59165519269
59165519270
59165519271
59165519272
59165519273
59165519274
59165519275
59165519276
59165519277
59165519278
59165519279
59165519280
59165519281
59165519282
59165519283
59165519284
59165519285
59165519286
59165519287
59165519288
59165519289
59165519290
59165519291
59165519292
59165519293
59165519294
59165519295
59165519296
59165519297
59165519298
59165519299
59165519300
59165519301
59165519302
59165519303
59165519304
59165519305
59165519306
59165519307
59165519308
59165519309
59165519310
59165519311
59165519312
59165519313
59165519314
59165519315
59165519316
59165519317
59165519318
59165519319
59165519320
59165519321
59165519322
59165519323
59165519324
59165519325
59165519326
59165519327
59165519328
59165519329
59165519330
59165519331
59165519332
59165519333
59165519334
59165519335
59165519336
59165519337
59165519338
59165519339
59165519340
59165519341
59165519342
59165519343
59165519344
59165519345
59165519346
59165519347
59165519348
59165519349
59165519350
59165519351
59165519352
59165519353
59165519354
59165519355
59165519356
59165519357
59165519358
59165519359
59165519360
59165519361
59165519362
59165519363
59165519364
59165519365
59165519366
59165519367
59165519368
59165519369
59165519370
59165519371
59165519372
59165519373
59165519374
59165519375
59165519376
59165519377
59165519378
59165519379
59165519380
59165519381
59165519382
59165519383
59165519384
59165519385
59165519386
59165519387
59165519388
59165519389
59165519390
59165519391
59165519392
59165519393
59165519394
59165519395
59165519396
59165519397
59165519398
59165519399
59165519400
59165519401
59165519402
59165519403
59165519404
59165519405
59165519406
59165519407
59165519408
59165519409
59165519410
59165519411
59165519412
59165519413
59165519414
59165519415
59165519416
59165519417
59165519418
59165519419
59165519420
59165519421
59165519422
59165519423
59165519424
59165519425
59165519426
59165519427
59165519428
59165519429
59165519430
59165519431
59165519432
59165519433
59165519434
59165519435
59165519436
59165519437
59165519438
59165519439
59165519440
59165519441
59165519442
59165519443
59165519444
59165519445
59165519446
59165519447
59165519448
59165519449
59165519450
59165519451
59165519452
59165519453
59165519454
59165519455
59165519456
59165519457
59165519458
59165519459
59165519460
59165519461
59165519462
59165519463
59165519464
59165519465
59165519466
59165519467
59165519468
59165519469
59165519470
59165519471
59165519472
59165519473
59165519474
59165519475
59165519476
59165519477
59165519478
59165519479
59165519480
59165519481
59165519482
59165519483
59165519484
59165519485
59165519486
59165519487
59165519488
59165519489
59165519490
59165519491
59165519492
59165519493
59165519494
59165519495
59165519496
59165519497
59165519498
59165519499
59165519500
59165519501
59165519502
59165519503
59165519504
59165519505
59165519506
59165519507
59165519508
59165519509
59165519510
59165519511
59165519512
59165519513
59165519514
59165519515
59165519516
59165519517
59165519518
59165519519
59165519520
59165519521
59165519522
59165519523
59165519524
59165519525
59165519526
59165519527
59165519528
59165519529
59165519530
59165519531
59165519532
59165519533
59165519534
59165519535
59165519536
59165519537
59165519538
59165519539
59165519540
59165519541
59165519542
59165519543
59165519544
59165519545
59165519546
59165519547
59165519548
59165519549
59165519550
59165519551
59165519552
59165519553
59165519554
59165519555
59165519556
59165519557
59165519558
59165519559
59165519560
59165519561
59165519562
59165519563
59165519564
59165519565
59165519566
59165519567
59165519568
59165519569
59165519570
59165519571
59165519572
59165519573
59165519574
59165519575
59165519576
59165519577
59165519578
59165519579
59165519580
59165519581
59165519582
59165519583
59165519584
59165519585
59165519586
59165519587
59165519588
59165519589
59165519590
59165519591
59165519592
59165519593
59165519594
59165519595
59165519596
59165519597
59165519598
59165519599
59165519600
59165519601
59165519602
59165519603
59165519604
59165519605
59165519606
59165519607
59165519608
59165519609
59165519610
59165519611
59165519612
59165519613
59165519614
59165519615
59165519616
59165519617
59165519618
59165519619
59165519620
59165519621
59165519622
59165519623
59165519624
59165519625
59165519626
59165519627
59165519628
59165519629
59165519630
59165519631
59165519632
59165519633
59165519634
59165519635
59165519636
59165519637
59165519638
59165519639
59165519640
59165519641
59165519642
59165519643
59165519644
59165519645
59165519646
59165519647
59165519648
59165519649
59165519650
59165519651
59165519652
59165519653
59165519654
59165519655
59165519656
59165519657
59165519658
59165519659
59165519660
59165519661
59165519662
59165519663
59165519664
59165519665
59165519666
59165519667
59165519668
59165519669
59165519670
59165519671
59165519672
59165519673
59165519674
59165519675
59165519676
59165519677
59165519678
59165519679
59165519680
59165519681
59165519682
59165519683
59165519684
59165519685
59165519686
59165519687
59165519688
59165519689
59165519690
59165519691
59165519692
59165519693
59165519694
59165519695
59165519696
59165519697
59165519698
59165519699
59165519700
59165519701
59165519702
59165519703
59165519704
59165519705
59165519706
59165519707
59165519708
59165519709
59165519710
59165519711
59165519712
59165519713
59165519714
59165519715
59165519716
59165519717
59165519718
59165519719
59165519720
59165519721
59165519722
59165519723
59165519724
59165519725
59165519726
59165519727
59165519728
59165519729
59165519730
59165519731
59165519732
59165519733
59165519734
59165519735
59165519736
59165519737
59165519738
59165519739
59165519740
59165519741
59165519742
59165519743
59165519744
59165519745
59165519746
59165519747
59165519748
59165519749
59165519750
59165519751
59165519752
59165519753
59165519754
59165519755
59165519756
59165519757
59165519758
59165519759
59165519760
59165519761
59165519762
59165519763
59165519764
59165519765
59165519766
59165519767
59165519768
59165519769
59165519770
59165519771
59165519772
59165519773
59165519774
59165519775
59165519776
59165519777
59165519778
59165519779
59165519780
59165519781
59165519782
59165519783
59165519784
59165519785
59165519786
59165519787
59165519788
59165519789
59165519790
59165519791
59165519792
59165519793
59165519794
59165519795
59165519796
59165519797
59165519798
59165519799
59165519800
59165519801
59165519802
59165519803
59165519804
59165519805
59165519806
59165519807
59165519808
59165519809
59165519810
59165519811
59165519812
59165519813
59165519814
59165519815
59165519816
59165519817
59165519818
59165519819
59165519820
59165519821
59165519822
59165519823
59165519824
59165519825
59165519826
59165519827
59165519828
59165519829
59165519830
59165519831
59165519832
59165519833
59165519834
59165519835
59165519836
59165519837
59165519838
59165519839
59165519840
59165519841
59165519842
59165519843
59165519844
59165519845
59165519846
59165519847
59165519848
59165519849
59165519850
59165519851
59165519852
59165519853
59165519854
59165519855
59165519856
59165519857
59165519858
59165519859
59165519860
59165519861
59165519862
59165519863
59165519864
59165519865
59165519866
59165519867
59165519868
59165519869
59165519870
59165519871
59165519872
59165519873
59165519874
59165519875
59165519876
59165519877
59165519878
59165519879
59165519880
59165519881
59165519882
59165519883
59165519884
59165519885
59165519886
59165519887
59165519888
59165519889
59165519890
59165519891
59165519892
59165519893
59165519894
59165519895
59165519896
59165519897
59165519898
59165519899
59165519900
59165519901
59165519902
59165519903
59165519904
59165519905
59165519906
59165519907
59165519908
59165519909
59165519910
59165519911
59165519912
59165519913
59165519914
59165519915
59165519916
59165519917
59165519918
59165519919
59165519920
59165519921
59165519922
59165519923
59165519924
59165519925
59165519926
59165519927
59165519928
59165519929
59165519930
59165519931
59165519932
59165519933
59165519934
59165519935
59165519936
59165519937
59165519938
59165519939
59165519940
59165519941
59165519942
59165519943
59165519944
59165519945
59165519946
59165519947
59165519948
59165519949
59165519950
59165519951
59165519952
59165519953
59165519954
59165519955
59165519956
59165519957
59165519958
59165519959
59165519960
59165519961
59165519962
59165519963
59165519964
59165519965
59165519966
59165519967
59165519968
59165519969
59165519970
59165519971
59165519972
59165519973
59165519974
59165519975
59165519976
59165519977
59165519978
59165519979
59165519980
59165519981
59165519982
59165519983
59165519984
59165519985
59165519986
59165519987
59165519988
59165519989
59165519990
59165519991
59165519992
59165519993
59165519994
59165519995
59165519996
59165519997
59165519998
59165519999
59165520000
59165520001
59165520002
59165520003
59165520004
59165520005
59165520006
59165520007
59165520008
59165520009
59165520010
59165520011
59165520012
59165520013
59165520014
59165520015
59165520016
59165520017
59165520018
59165520019
59165520020
59165520021
59165520022
59165520023
59165520024
59165520025
59165520026
59165520027
59165520028
59165520029
59165520030
59165520031
59165520032
59165520033
59165520034
59165520035
59165520036
59165520037
59165520038
59165520039
59165520040
59165520041
59165520042
59165520043
59165520044
59165520045
59165520046
59165520047
59165520048
59165520049
59165520050
59165520051
59165520052
59165520053
59165520054
59165520055
59165520056
59165520057
59165520058
59165520059
59165520060
59165520061
59165520062
59165520063
59165520064
59165520065
59165520066
59165520067
59165520068
59165520069
59165520070
59165520071
59165520072
59165520073
59165520074
59165520075
59165520076
59165520077
59165520078
59165520079
59165520080
59165520081
59165520082
59165520083
59165520084
59165520085
59165520086
59165520087
59165520088
59165520089
59165520090
59165520091
59165520092
59165520093
59165520094
59165520095
59165520096
59165520097
59165520098
59165520099
59165520100
59165520101
59165520102
59165520103
59165520104
59165520105
59165520106
59165520107
59165520108
59165520109
59165520110
59165520111
59165520112
59165520113
59165520114
59165520115
59165520116
59165520117
59165520118
59165520119
59165520120
59165520121
59165520122
59165520123
59165520124
59165520125
59165520126
59165520127
59165520128
59165520129
59165520130
59165520131
59165520132
59165520133
59165520134
59165520135
59165520136
59165520137
59165520138
59165520139
59165520140
59165520141
59165520142
59165520143
59165520144
59165520145
59165520146
59165520147
59165520148
59165520149
59165520150
59165520151
59165520152
59165520153
59165520154
59165520155
59165520156
59165520157
59165520158
59165520159
59165520160
59165520161
59165520162
59165520163
59165520164
59165520165
59165520166
59165520167
59165520168
59165520169
59165520170
59165520171
59165520172
59165520173
59165520174
59165520175
59165520176
59165520177
59165520178
59165520179
59165520180
59165520181
59165520182
59165520183
59165520184
59165520185
59165520186
59165520187
59165520188
59165520189
59165520190
59165520191
59165520192
59165520193
59165520194
59165520195
59165520196
59165520197
59165520198
59165520199
59165520200
59165520201
59165520202
59165520203
59165520204
59165520205
59165520206
59165520207
59165520208
59165520209
59165520210
59165520211
59165520212
59165520213
59165520214
59165520215
59165520216
59165520217
59165520218
59165520219
59165520220
59165520221
59165520222
59165520223
59165520224
59165520225
59165520226
59165520227
59165520228
59165520229
59165520230
59165520231
59165520232
59165520233
59165520234
59165520235
59165520236
59165520237
59165520238
59165520239
59165520240
59165520241
59165520242
59165520243
59165520244
59165520245
59165520246
59165520247
59165520248
59165520249
59165520250
59165520251
59165520252
59165520253
59165520254
59165520255
59165520256
59165520257
59165520258
59165520259
59165520260
59165520261
59165520262
59165520263
59165520264
59165520265
59165520266
59165520267
59165520268
59165520269
59165520270
59165520271
59165520272
59165520273
59165520274
59165520275
59165520276
59165520277
59165520278
59165520279
59165520280
59165520281
59165520282
59165520283
59165520284
59165520285
59165520286
59165520287
59165520288
59165520289
59165520290
59165520291
59165520292
59165520293
59165520294
59165520295
59165520296
59165520297
59165520298
59165520299
59165520300
59165520301
59165520302
59165520303
59165520304
59165520305
59165520306
59165520307
59165520308
59165520309
59165520310
59165520311
59165520312
59165520313
59165520314
59165520315
59165520316
59165520317
59165520318
59165520319
59165520320
59165520321
59165520322
59165520323
59165520324
59165520325
59165520326
59165520327
59165520328
59165520329
59165520330
59165520331
59165520332
59165520333
59165520334
59165520335
59165520336
59165520337
59165520338
59165520339
59165520340
59165520341
59165520342
59165520343
59165520344
59165520345
59165520346
59165520347
59165520348
59165520349
59165520350
59165520351
59165520352
59165520353
59165520354
59165520355
59165520356
59165520357
59165520358
59165520359
59165520360
59165520361
59165520362
59165520363
59165520364
59165520365
59165520366
59165520367
59165520368
59165520369
59165520370
59165520371
59165520372
59165520373
59165520374
59165520375
59165520376
59165520377
59165520378
59165520379
59165520380
59165520381
59165520382
59165520383
59165520384
59165520385
59165520386
59165520387
59165520388
59165520389
59165520390
59165520391
59165520392
59165520393
59165520394
59165520395
59165520396
59165520397
59165520398
59165520399
59165520400
59165520401
59165520402
59165520403
59165520404
59165520405
59165520406
59165520407
59165520408
59165520409
59165520410
59165520411
59165520412
59165520413
59165520414
59165520415
59165520416
59165520417
59165520418
59165520419
59165520420
59165520421
59165520422
59165520423
59165520424
59165520425
59165520426
59165520427
59165520428
59165520429
59165520430
59165520431
59165520432
59165520433
59165520434
59165520435
59165520436
59165520437
59165520438
59165520439
59165520440
59165520441
59165520442
59165520443
59165520444
59165520445
59165520446
59165520447
59165520448
59165520449
59165520450
59165520451
59165520452
59165520453
59165520454
59165520455
59165520456
59165520457
59165520458
59165520459
59165520460
59165520461
59165520462
59165520463
59165520464
59165520465
59165520466
59165520467
59165520468
59165520469
59165520470
59165520471
59165520472
59165520473
59165520474
59165520475
59165520476
59165520477
59165520478
59165520479
59165520480
59165520481
59165520482
59165520483
59165520484
59165520485
59165520486
59165520487
59165520488
59165520489
59165520490
59165520491
59165520492
59165520493
59165520494
59165520495
59165520496
59165520497
59165520498
59165520499
59165520500
59165520501
59165520502
59165520503
59165520504
59165520505
59165520506
59165520507
59165520508
59165520509
59165520510
59165520511
59165520512
59165520513
59165520514
59165520515
59165520516
59165520517
59165520518
59165520519
59165520520
59165520521
59165520522
59165520523
59165520524
59165520525
59165520526
59165520527
59165520528
59165520529
59165520530
59165520531
59165520532
59165520533
59165520534
59165520535
59165520536
59165520537
59165520538
59165520539
59165520540
59165520541
59165520542
59165520543
59165520544
59165520545
59165520546
59165520547
59165520548
59165520549
59165520550
59165520551
59165520552
59165520553
59165520554
59165520555
59165520556
59165520557
59165520558
59165520559
59165520560
59165520561
59165520562
59165520563
59165520564
59165520565
59165520566
59165520567
59165520568
59165520569
59165520570
59165520571
59165520572
59165520573
59165520574
59165520575
59165520576
59165520577
59165520578
59165520579
59165520580
59165520581
59165520582
59165520583
59165520584
59165520585
59165520586
59165520587
59165520588
59165520589
59165520590
59165520591
59165520592
59165520593
59165520594
59165520595
59165520596
59165520597
59165520598
59165520599
59165520600
59165520601
59165520602
59165520603
59165520604
59165520605
59165520606
59165520607
59165520608
59165520609
59165520610
59165520611
59165520612
59165520613
59165520614
59165520615
59165520616
59165520617
59165520618
59165520619
59165520620
59165520621
59165520622
59165520623
59165520624
59165520625
59165520626
59165520627
59165520628
59165520629
59165520630
59165520631
59165520632
59165520633
59165520634
59165520635
59165520636
59165520637
59165520638
59165520639
59165520640
59165520641
59165520642
59165520643
59165520644
59165520645
59165520646
59165520647
59165520648
59165520649
59165520650
59165520651
59165520652
59165520653
59165520654
59165520655
59165520656
59165520657
59165520658
59165520659
59165520660
59165520661
59165520662
59165520663
59165520664
59165520665
59165520666
59165520667
59165520668
59165520669
59165520670
59165520671
59165520672
59165520673
59165520674
59165520675
59165520676
59165520677
59165520678
59165520679
59165520680
59165520681
59165520682
59165520683
59165520684
59165520685
59165520686
59165520687
59165520688
59165520689
59165520690
59165520691
59165520692
59165520693
59165520694
59165520695
59165520696
59165520697
59165520698
59165520699
59165520700
59165520701
59165520702
59165520703
59165520704
59165520705
59165520706
59165520707
59165520708
59165520709
59165520710
59165520711
59165520712
59165520713
59165520714
59165520715
59165520716
59165520717
59165520718
59165520719
59165520720
59165520721
59165520722
59165520723
59165520724
59165520725
59165520726
59165520727
59165520728
59165520729
59165520730
59165520731
59165520732
59165520733
59165520734
59165520735
59165520736
59165520737
59165520738
59165520739
59165520740
59165520741
59165520742
59165520743
59165520744
59165520745
59165520746
59165520747
59165520748
59165520749
59165520750
59165520751
59165520752
59165520753
59165520754
59165520755
59165520756
59165520757
59165520758
59165520759
59165520760
59165520761
59165520762
59165520763
59165520764
59165520765
59165520766
59165520767
59165520768
59165520769
59165520770
59165520771
59165520772
59165520773
59165520774
59165520775
59165520776
59165520777
59165520778
59165520779
59165520780
59165520781
59165520782
59165520783
59165520784
59165520785
59165520786
59165520787
59165520788
59165520789
59165520790
59165520791
59165520792
59165520793
59165520794
59165520795
59165520796
59165520797
59165520798
59165520799
59165520800
59165520801
59165520802
59165520803
59165520804
59165520805
59165520806
59165520807
59165520808
59165520809
59165520810
59165520811
59165520812
59165520813
59165520814
59165520815
59165520816
59165520817
59165520818
59165520819
59165520820
59165520821
59165520822
59165520823
59165520824
59165520825
59165520826
59165520827
59165520828
59165520829
59165520830
59165520831
59165520832
59165520833
59165520834
59165520835
59165520836
59165520837
59165520838
59165520839
59165520840
59165520841
59165520842
59165520843
59165520844
59165520845
59165520846
59165520847
59165520848
59165520849
59165520850
59165520851
59165520852
59165520853
59165520854
59165520855
59165520856
59165520857
59165520858
59165520859
59165520860
59165520861
59165520862
59165520863
59165520864
59165520865
59165520866
59165520867
59165520868
59165520869
59165520870
59165520871
59165520872
59165520873
59165520874
59165520875
59165520876
59165520877
59165520878
59165520879
59165520880
59165520881
59165520882
59165520883
59165520884
59165520885
59165520886
59165520887
59165520888
59165520889
59165520890
59165520891
59165520892
59165520893
59165520894
59165520895
59165520896
59165520897
59165520898
59165520899
59165520900
59165520901
59165520902
59165520903
59165520904
59165520905
59165520906
59165520907
59165520908
59165520909
59165520910
59165520911
59165520912
59165520913
59165520914
59165520915
59165520916
59165520917
59165520918
59165520919
59165520920
59165520921
59165520922
59165520923
59165520924
59165520925
59165520926
59165520927
59165520928
59165520929
59165520930
59165520931
59165520932
59165520933
59165520934
59165520935
59165520936
59165520937
59165520938
59165520939
59165520940
59165520941
59165520942
59165520943
59165520944
59165520945
59165520946
59165520947
59165520948
59165520949
59165520950
59165520951
59165520952
59165520953
59165520954
59165520955
59165520956
59165520957
59165520958
59165520959
59165520960
59165520961
59165520962
59165520963
59165520964
59165520965
59165520966
59165520967
59165520968
59165520969
59165520970
59165520971
59165520972
59165520973
59165520974
59165520975
59165520976
59165520977
59165520978
59165520979
59165520980
59165520981
59165520982
59165520983
59165520984
59165520985
59165520986
59165520987
59165520988
59165520989
59165520990
59165520991
59165520992
59165520993
59165520994
59165520995
59165520996
59165520997
59165520998
59165520999
59165521000
59165521001
59165521002
59165521003
59165521004
59165521005
59165521006
59165521007
59165521008
59165521009
59165521010
59165521011
59165521012
59165521013
59165521014
59165521015
59165521016
59165521017
59165521018
59165521019
59165521020
59165521021
59165521022
59165521023
59165521024
59165521025
59165521026
59165521027
59165521028
59165521029
59165521030
59165521031
59165521032
59165521033
59165521034
59165521035
59165521036
59165521037
59165521038
59165521039
59165521040
59165521041
59165521042
59165521043
59165521044
59165521045
59165521046
59165521047
59165521048
59165521049
59165521050
59165521051
59165521052
59165521053
59165521054
59165521055
59165521056
59165521057
59165521058
59165521059
59165521060
59165521061
59165521062
59165521063
59165521064
59165521065
59165521066
59165521067
59165521068
59165521069
59165521070
59165521071
59165521072
59165521073
59165521074
59165521075
59165521076
59165521077
59165521078
59165521079
59165521080
59165521081
59165521082
59165521083
59165521084
59165521085
59165521086
59165521087
59165521088
59165521089
59165521090
59165521091
59165521092
59165521093
59165521094
59165521095
59165521096
59165521097
59165521098
59165521099
59165521100
59165521101
59165521102
59165521103
59165521104
59165521105
59165521106
59165521107
59165521108
59165521109
59165521110
59165521111
59165521112
59165521113
59165521114
59165521115
59165521116
59165521117
59165521118
59165521119
59165521120
59165521121
59165521122
59165521123
59165521124
59165521125
59165521126
59165521127
59165521128
59165521129
59165521130
59165521131
59165521132
59165521133
59165521134
59165521135
59165521136
59165521137
59165521138
59165521139
59165521140
59165521141
59165521142
59165521143
59165521144
59165521145
59165521146
59165521147
59165521148
59165521149
59165521150
59165521151
59165521152
59165521153
59165521154
59165521155
59165521156
59165521157
59165521158
59165521159
59165521160
59165521161
59165521162
59165521163
59165521164
59165521165
59165521166
59165521167
59165521168
59165521169
59165521170
59165521171
59165521172
59165521173
59165521174
59165521175
59165521176
59165521177
59165521178
59165521179
59165521180
59165521181
59165521182
59165521183
59165521184
59165521185
59165521186
59165521187
59165521188
59165521189
59165521190
59165521191
59165521192
59165521193
59165521194
59165521195
59165521196
59165521197
59165521198
59165521199
59165521200
59165521201
59165521202
59165521203
59165521204
59165521205
59165521206
59165521207
59165521208
59165521209
59165521210
59165521211
59165521212
59165521213
59165521214
59165521215
59165521216
59165521217
59165521218
59165521219
59165521220
59165521221
59165521222
59165521223
59165521224
59165521225
59165521226
59165521227
59165521228
59165521229
59165521230
59165521231
59165521232
59165521233
59165521234
59165521235
59165521236
59165521237
59165521238
59165521239
59165521240
59165521241
59165521242
59165521243
59165521244
59165521245
59165521246
59165521247
59165521248
59165521249
59165521250
59165521251
59165521252
59165521253
59165521254
59165521255
59165521256
59165521257
59165521258
59165521259
59165521260
59165521261
59165521262
59165521263
59165521264
59165521265
59165521266
59165521267
59165521268
59165521269
59165521270
59165521271
59165521272
59165521273
59165521274
59165521275
59165521276
59165521277
59165521278
59165521279
59165521280
59165521281
59165521282
59165521283
59165521284
59165521285
59165521286
59165521287
59165521288
59165521289
59165521290
59165521291
59165521292
59165521293
59165521294
59165521295
59165521296
59165521297
59165521298
59165521299
59165521300
59165521301
59165521302
59165521303
59165521304
59165521305
59165521306
59165521307
59165521308
59165521309
59165521310
59165521311
59165521312
59165521313
59165521314
59165521315
59165521316
59165521317
59165521318
59165521319
59165521320
59165521321
59165521322
59165521323
59165521324
59165521325
59165521326
59165521327
59165521328
59165521329
