
59179888161
59179888162
59179888163
59179888164
59179888165
59179888166
59179888167
59179888168
59179888169
59179888170
59179888171
59179888172
59179888173
59179888174
59179888175
59179888176
59179888177
59179888178
59179888179
59179888180
59179888181
59179888182
59179888183
59179888184
59179888185
59179888186
59179888187
59179888188
59179888189
59179888190
59179888191
59179888192
59179888193
59179888194
59179888195
59179888196
59179888197
59179888198
59179888199
59179888200
59179888201
59179888202
59179888203
59179888204
59179888205
59179888206
59179888207
59179888208
59179888209
59179888210
59179888211
59179888212
59179888213
59179888214
59179888215
59179888216
59179888217
59179888218
59179888219
59179888220
59179888221
59179888222
59179888223
59179888224
59179888225
59179888226
59179888227
59179888228
59179888229
59179888230
59179888231
59179888232
59179888233
59179888234
59179888235
59179888236
59179888237
59179888238
59179888239
59179888240
59179888241
59179888242
59179888243
59179888244
59179888245
59179888246
59179888247
59179888248
59179888249
59179888250
59179888251
59179888252
59179888253
59179888254
59179888255
59179888256
59179888257
59179888258
59179888259
59179888260
59179888261
59179888262
59179888263
59179888264
59179888265
59179888266
59179888267
59179888268
59179888269
59179888270
59179888271
59179888272
59179888273
59179888274
59179888275
59179888276
59179888277
59179888278
59179888279
59179888280
59179888281
59179888282
59179888283
59179888284
59179888285
59179888286
59179888287
59179888288
59179888289
59179888290
59179888291
59179888292
59179888293
59179888294
59179888295
59179888296
59179888297
59179888298
59179888299
59179888300
59179888301
59179888302
59179888303
59179888304
59179888305
59179888306
59179888307
59179888308
59179888309
59179888310
59179888311
59179888312
59179888313
59179888314
59179888315
59179888316
59179888317
59179888318
59179888319
59179888320
59179888321
59179888322
59179888323
59179888324
59179888325
59179888326
59179888327
59179888328
59179888329
59179888330
59179888331
59179888332
59179888333
59179888334
59179888335
59179888336
59179888337
59179888338
59179888339
59179888340
59179888341
59179888342
59179888343
59179888344
59179888345
59179888346
59179888347
59179888348
59179888349
59179888350
59179888351
59179888352
59179888353
59179888354
59179888355
59179888356
59179888357
59179888358
59179888359
59179888360
59179888361
59179888362
59179888363
59179888364
59179888365
59179888366
59179888367
59179888368
59179888369
59179888370
59179888371
59179888372
59179888373
59179888374
59179888375
59179888376
59179888377
59179888378
59179888379
59179888380
59179888381
59179888382
59179888383
59179888384
59179888385
59179888386
59179888387
59179888388
59179888389
59179888390
59179888391
59179888392
59179888393
59179888394
59179888395
59179888396
59179888397
59179888398
59179888399
59179888400
59179888401
59179888402
59179888403
59179888404
59179888405
59179888406
59179888407
59179888408
59179888409
59179888410
59179888411
59179888412
59179888413
59179888414
59179888415
59179888416
59179888417
59179888418
59179888419
59179888420
59179888421
59179888422
59179888423
59179888424
59179888425
59179888426
59179888427
59179888428
59179888429
59179888430
59179888431
59179888432
59179888433
59179888434
59179888435
59179888436
59179888437
59179888438
59179888439
59179888440
59179888441
59179888442
59179888443
59179888444
59179888445
59179888446
59179888447
59179888448
59179888449
59179888450
59179888451
59179888452
59179888453
59179888454
59179888455
59179888456
59179888457
59179888458
59179888459
59179888460
59179888461
59179888462
59179888463
59179888464
59179888465
59179888466
59179888467
59179888468
59179888469
59179888470
59179888471
59179888472
59179888473
59179888474
59179888475
59179888476
59179888477
59179888478
59179888479
59179888480
59179888481
59179888482
59179888483
59179888484
59179888485
59179888486
59179888487
59179888488
59179888489
59179888490
59179888491
59179888492
59179888493
59179888494
59179888495
59179888496
59179888497
59179888498
59179888499
59179888500
59179888501
59179888502
59179888503
59179888504
59179888505
59179888506
59179888507
59179888508
59179888509
59179888510
59179888511
59179888512
59179888513
59179888514
59179888515
59179888516
59179888517
59179888518
59179888519
59179888520
59179888521
59179888522
59179888523
59179888524
59179888525
59179888526
59179888527
59179888528
59179888529
59179888530
59179888531
59179888532
59179888533
59179888534
59179888535
59179888536
59179888537
59179888538
59179888539
59179888540
59179888541
59179888542
59179888543
59179888544
59179888545
59179888546
59179888547
59179888548
59179888549
59179888550
59179888551
59179888552
59179888553
59179888554
59179888555
59179888556
59179888557
59179888558
59179888559
59179888560
59179888561
59179888562
59179888563
59179888564
59179888565
59179888566
59179888567
59179888568
59179888569
59179888570
59179888571
59179888572
59179888573
59179888574
59179888575
59179888576
59179888577
59179888578
59179888579
59179888580
59179888581
59179888582
59179888583
59179888584
59179888585
59179888586
59179888587
59179888588
59179888589
59179888590
59179888591
59179888592
59179888593
59179888594
59179888595
59179888596
59179888597
59179888598
59179888599
59179888600
59179888601
59179888602
59179888603
59179888604
59179888605
59179888606
59179888607
59179888608
59179888609
59179888610
59179888611
59179888612
59179888613
59179888614
59179888615
59179888616
59179888617
59179888618
59179888619
59179888620
59179888621
59179888622
59179888623
59179888624
59179888625
59179888626
59179888627
59179888628
59179888629
59179888630
59179888631
59179888632
59179888633
59179888634
59179888635
59179888636
59179888637
59179888638
59179888639
59179888640
59179888641
59179888642
59179888643
59179888644
59179888645
59179888646
59179888647
59179888648
59179888649
59179888650
59179888651
59179888652
59179888653
59179888654
59179888655
59179888656
59179888657
59179888658
59179888659
59179888660
59179888661
59179888662
59179888663
59179888664
59179888665
59179888666
59179888667
59179888668
59179888669
59179888670
59179888671
59179888672
59179888673
59179888674
59179888675
59179888676
59179888677
59179888678
59179888679
59179888680
59179888681
59179888682
59179888683
59179888684
59179888685
59179888686
59179888687
59179888688
59179888689
59179888690
59179888691
59179888692
59179888693
59179888694
59179888695
59179888696
59179888697
59179888698
59179888699
59179888700
59179888701
59179888702
59179888703
59179888704
59179888705
59179888706
59179888707
59179888708
59179888709
59179888710
59179888711
59179888712
59179888713
59179888714
59179888715
59179888716
59179888717
59179888718
59179888719
59179888720
59179888721
59179888722
59179888723
59179888724
59179888725
59179888726
59179888727
59179888728
59179888729
59179888730
59179888731
59179888732
59179888733
59179888734
59179888735
59179888736
59179888737
59179888738
59179888739
59179888740
59179888741
59179888742
59179888743
59179888744
59179888745
59179888746
59179888747
59179888748
59179888749
59179888750
59179888751
59179888752
59179888753
59179888754
59179888755
59179888756
59179888757
59179888758
59179888759
59179888760
59179888761
59179888762
59179888763
59179888764
59179888765
59179888766
59179888767
59179888768
59179888769
59179888770
59179888771
59179888772
59179888773
59179888774
59179888775
59179888776
59179888777
59179888778
59179888779
59179888780
59179888781
59179888782
59179888783
59179888784
59179888785
59179888786
59179888787
59179888788
59179888789
59179888790
59179888791
59179888792
59179888793
59179888794
59179888795
59179888796
59179888797
59179888798
59179888799
59179888800
59179888801
59179888802
59179888803
59179888804
59179888805
59179888806
59179888807
59179888808
59179888809
59179888810
59179888811
59179888812
59179888813
59179888814
59179888815
59179888816
59179888817
59179888818
59179888819
59179888820
59179888821
59179888822
59179888823
59179888824
59179888825
59179888826
59179888827
59179888828
59179888829
59179888830
59179888831
59179888832
59179888833
59179888834
59179888835
59179888836
59179888837
59179888838
59179888839
59179888840
59179888841
59179888842
59179888843
59179888844
59179888845
59179888846
59179888847
59179888848
59179888849
59179888850
59179888851
59179888852
59179888853
59179888854
59179888855
59179888856
59179888857
59179888858
59179888859
59179888860
59179888861
59179888862
59179888863
59179888864
59179888865
59179888866
59179888867
59179888868
59179888869
59179888870
59179888871
59179888872
59179888873
59179888874
59179888875
59179888876
59179888877
59179888878
59179888879
59179888880
59179888881
59179888882
59179888883
59179888884
59179888885
59179888886
59179888887
59179888888
59179888889
59179888890
59179888891
59179888892
59179888893
59179888894
59179888895
59179888896
59179888897
59179888898
59179888899
59179888900
59179888901
59179888902
59179888903
59179888904
59179888905
59179888906
59179888907
59179888908
59179888909
59179888910
59179888911
59179888912
59179888913
59179888914
59179888915
59179888916
59179888917
59179888918
59179888919
59179888920
59179888921
59179888922
59179888923
59179888924
59179888925
59179888926
59179888927
59179888928
59179888929
59179888930
59179888931
59179888932
59179888933
59179888934
59179888935
59179888936
59179888937
59179888938
59179888939
59179888940
59179888941
59179888942
59179888943
59179888944
59179888945
59179888946
59179888947
59179888948
59179888949
59179888950
59179888951
59179888952
59179888953
59179888954
59179888955
59179888956
59179888957
59179888958
59179888959
59179888960
59179888961
59179888962
59179888963
59179888964
59179888965
59179888966
59179888967
59179888968
59179888969
59179888970
59179888971
59179888972
59179888973
59179888974
59179888975
59179888976
59179888977
59179888978
59179888979
59179888980
59179888981
59179888982
59179888983
59179888984
59179888985
59179888986
59179888987
59179888988
59179888989
59179888990
59179888991
59179888992
59179888993
59179888994
59179888995
59179888996
59179888997
59179888998
59179888999
59179889000
59179889001
59179889002
59179889003
59179889004
59179889005
59179889006
59179889007
59179889008
59179889009
59179889010
59179889011
59179889012
59179889013
59179889014
59179889015
59179889016
59179889017
59179889018
59179889019
59179889020
59179889021
59179889022
59179889023
59179889024
59179889025
59179889026
59179889027
59179889028
59179889029
59179889030
59179889031
59179889032
59179889033
59179889034
59179889035
59179889036
59179889037
59179889038
59179889039
59179889040
59179889041
59179889042
59179889043
59179889044
59179889045
59179889046
59179889047
59179889048
59179889049
59179889050
59179889051
59179889052
59179889053
59179889054
59179889055
59179889056
59179889057
59179889058
59179889059
59179889060
59179889061
59179889062
59179889063
59179889064
59179889065
59179889066
59179889067
59179889068
59179889069
59179889070
59179889071
59179889072
59179889073
59179889074
59179889075
59179889076
59179889077
59179889078
59179889079
59179889080
59179889081
59179889082
59179889083
59179889084
59179889085
59179889086
59179889087
59179889088
59179889089
59179889090
59179889091
59179889092
59179889093
59179889094
59179889095
59179889096
59179889097
59179889098
59179889099
59179889100
59179889101
59179889102
59179889103
59179889104
59179889105
59179889106
59179889107
59179889108
59179889109
59179889110
59179889111
59179889112
59179889113
59179889114
59179889115
59179889116
59179889117
59179889118
59179889119
59179889120
59179889121
59179889122
59179889123
59179889124
59179889125
59179889126
59179889127
59179889128
59179889129
59179889130
59179889131
59179889132
59179889133
59179889134
59179889135
59179889136
59179889137
59179889138
59179889139
59179889140
59179889141
59179889142
59179889143
59179889144
59179889145
59179889146
59179889147
59179889148
59179889149
59179889150
59179889151
59179889152
59179889153
59179889154
59179889155
59179889156
59179889157
59179889158
59179889159
59179889160
59179889161
59179889162
59179889163
59179889164
59179889165
59179889166
59179889167
59179889168
59179889169
59179889170
59179889171
59179889172
59179889173
59179889174
59179889175
59179889176
59179889177
59179889178
59179889179
59179889180
59179889181
59179889182
59179889183
59179889184
59179889185
59179889186
59179889187
59179889188
59179889189
59179889190
59179889191
59179889192
59179889193
59179889194
59179889195
59179889196
59179889197
59179889198
59179889199
59179889200
59179889201
59179889202
59179889203
59179889204
59179889205
59179889206
59179889207
59179889208
59179889209
59179889210
59179889211
59179889212
59179889213
59179889214
59179889215
59179889216
59179889217
59179889218
59179889219
59179889220
59179889221
59179889222
59179889223
59179889224
59179889225
59179889226
59179889227
59179889228
59179889229
59179889230
59179889231
59179889232
59179889233
59179889234
59179889235
59179889236
59179889237
59179889238
59179889239
59179889240
59179889241
59179889242
59179889243
59179889244
59179889245
59179889246
59179889247
59179889248
59179889249
59179889250
59179889251
59179889252
59179889253
59179889254
59179889255
59179889256
59179889257
59179889258
59179889259
59179889260
59179889261
59179889262
59179889263
59179889264
59179889265
59179889266
59179889267
59179889268
59179889269
59179889270
59179889271
59179889272
59179889273
59179889274
59179889275
59179889276
59179889277
59179889278
59179889279
59179889280
59179889281
59179889282
59179889283
59179889284
59179889285
59179889286
59179889287
59179889288
59179889289
59179889290
59179889291
59179889292
59179889293
59179889294
59179889295
59179889296
59179889297
59179889298
59179889299
59179889300
59179889301
59179889302
59179889303
59179889304
59179889305
59179889306
59179889307
59179889308
59179889309
59179889310
59179889311
59179889312
59179889313
59179889314
59179889315
59179889316
59179889317
59179889318
59179889319
59179889320
59179889321
59179889322
59179889323
59179889324
59179889325
59179889326
59179889327
59179889328
59179889329
59179889330
59179889331
59179889332
59179889333
59179889334
59179889335
59179889336
59179889337
59179889338
59179889339
59179889340
59179889341
59179889342
59179889343
59179889344
59179889345
59179889346
59179889347
59179889348
59179889349
59179889350
59179889351
59179889352
59179889353
59179889354
59179889355
59179889356
59179889357
59179889358
59179889359
59179889360
59179889361
59179889362
59179889363
59179889364
59179889365
59179889366
59179889367
59179889368
59179889369
59179889370
59179889371
59179889372
59179889373
59179889374
59179889375
59179889376
59179889377
59179889378
59179889379
59179889380
59179889381
59179889382
59179889383
59179889384
59179889385
59179889386
59179889387
59179889388
59179889389
59179889390
59179889391
59179889392
59179889393
59179889394
59179889395
59179889396
59179889397
59179889398
59179889399
59179889400
59179889401
59179889402
59179889403
59179889404
59179889405
59179889406
59179889407
59179889408
59179889409
59179889410
59179889411
59179889412
59179889413
59179889414
59179889415
59179889416
59179889417
59179889418
59179889419
59179889420
59179889421
59179889422
59179889423
59179889424
59179889425
59179889426
59179889427
59179889428
59179889429
59179889430
59179889431
59179889432
59179889433
59179889434
59179889435
59179889436
59179889437
59179889438
59179889439
59179889440
59179889441
59179889442
59179889443
59179889444
59179889445
59179889446
59179889447
59179889448
59179889449
59179889450
59179889451
59179889452
59179889453
59179889454
59179889455
59179889456
59179889457
59179889458
59179889459
59179889460
59179889461
59179889462
59179889463
59179889464
59179889465
59179889466
59179889467
59179889468
59179889469
59179889470
59179889471
59179889472
59179889473
59179889474
59179889475
59179889476
59179889477
59179889478
59179889479
59179889480
59179889481
59179889482
59179889483
59179889484
59179889485
59179889486
59179889487
59179889488
59179889489
59179889490
59179889491
59179889492
59179889493
59179889494
59179889495
59179889496
59179889497
59179889498
59179889499
59179889500
59179889501
59179889502
59179889503
59179889504
59179889505
59179889506
59179889507
59179889508
59179889509
59179889510
59179889511
59179889512
59179889513
59179889514
59179889515
59179889516
59179889517
59179889518
59179889519
59179889520
59179889521
59179889522
59179889523
59179889524
59179889525
59179889526
59179889527
59179889528
59179889529
59179889530
59179889531
59179889532
59179889533
59179889534
59179889535
59179889536
59179889537
59179889538
59179889539
59179889540
59179889541
59179889542
59179889543
59179889544
59179889545
59179889546
59179889547
59179889548
59179889549
59179889550
59179889551
59179889552
59179889553
59179889554
59179889555
59179889556
59179889557
59179889558
59179889559
59179889560
59179889561
59179889562
59179889563
59179889564
59179889565
59179889566
59179889567
59179889568
59179889569
59179889570
59179889571
59179889572
59179889573
59179889574
59179889575
59179889576
59179889577
59179889578
59179889579
59179889580
59179889581
59179889582
59179889583
59179889584
59179889585
59179889586
59179889587
59179889588
59179889589
59179889590
59179889591
59179889592
59179889593
59179889594
59179889595
59179889596
59179889597
59179889598
59179889599
59179889600
59179889601
59179889602
59179889603
59179889604
59179889605
59179889606
59179889607
59179889608
59179889609
59179889610
59179889611
59179889612
59179889613
59179889614
59179889615
59179889616
59179889617
59179889618
59179889619
59179889620
59179889621
59179889622
59179889623
59179889624
59179889625
59179889626
59179889627
59179889628
59179889629
59179889630
59179889631
59179889632
59179889633
59179889634
59179889635
59179889636
59179889637
59179889638
59179889639
59179889640
59179889641
59179889642
59179889643
59179889644
59179889645
59179889646
59179889647
59179889648
59179889649
59179889650
59179889651
59179889652
59179889653
59179889654
59179889655
59179889656
59179889657
59179889658
59179889659
59179889660
59179889661
59179889662
59179889663
59179889664
59179889665
59179889666
59179889667
59179889668
59179889669
59179889670
59179889671
59179889672
59179889673
59179889674
59179889675
59179889676
59179889677
59179889678
59179889679
59179889680
59179889681
59179889682
59179889683
59179889684
59179889685
59179889686
59179889687
59179889688
59179889689
59179889690
59179889691
59179889692
59179889693
59179889694
59179889695
59179889696
59179889697
59179889698
59179889699
59179889700
59179889701
59179889702
59179889703
59179889704
59179889705
59179889706
59179889707
59179889708
59179889709
59179889710
59179889711
59179889712
59179889713
59179889714
59179889715
59179889716
59179889717
59179889718
59179889719
59179889720
59179889721
59179889722
59179889723
59179889724
59179889725
59179889726
59179889727
59179889728
59179889729
59179889730
59179889731
59179889732
59179889733
59179889734
59179889735
59179889736
59179889737
59179889738
59179889739
59179889740
59179889741
59179889742
59179889743
59179889744
59179889745
59179889746
59179889747
59179889748
59179889749
59179889750
59179889751
59179889752
59179889753
59179889754
59179889755
59179889756
59179889757
59179889758
59179889759
59179889760
59179889761
59179889762
59179889763
59179889764
59179889765
59179889766
59179889767
59179889768
59179889769
59179889770
59179889771
59179889772
59179889773
59179889774
59179889775
59179889776
59179889777
59179889778
59179889779
59179889780
59179889781
59179889782
59179889783
59179889784
59179889785
59179889786
59179889787
59179889788
59179889789
59179889790
59179889791
59179889792
59179889793
59179889794
59179889795
59179889796
59179889797
59179889798
59179889799
59179889800
59179889801
59179889802
59179889803
59179889804
59179889805
59179889806
59179889807
59179889808
59179889809
59179889810
59179889811
59179889812
59179889813
59179889814
59179889815
59179889816
59179889817
59179889818
59179889819
59179889820
59179889821
59179889822
59179889823
59179889824
59179889825
59179889826
59179889827
59179889828
59179889829
59179889830
59179889831
59179889832
59179889833
59179889834
59179889835
59179889836
59179889837
59179889838
59179889839
59179889840
59179889841
59179889842
59179889843
59179889844
59179889845
59179889846
59179889847
59179889848
59179889849
59179889850
59179889851
59179889852
59179889853
59179889854
59179889855
59179889856
59179889857
59179889858
59179889859
59179889860
59179889861
59179889862
59179889863
59179889864
59179889865
59179889866
59179889867
59179889868
59179889869
59179889870
59179889871
59179889872
59179889873
59179889874
59179889875
59179889876
59179889877
59179889878
59179889879
59179889880
59179889881
59179889882
59179889883
59179889884
59179889885
59179889886
59179889887
59179889888
59179889889
59179889890
59179889891
59179889892
59179889893
59179889894
59179889895
59179889896
59179889897
59179889898
59179889899
59179889900
59179889901
59179889902
59179889903
59179889904
59179889905
59179889906
59179889907
59179889908
59179889909
59179889910
59179889911
59179889912
59179889913
59179889914
59179889915
59179889916
59179889917
59179889918
59179889919
59179889920
59179889921
59179889922
59179889923
59179889924
59179889925
59179889926
59179889927
59179889928
59179889929
59179889930
59179889931
59179889932
59179889933
59179889934
59179889935
59179889936
59179889937
59179889938
59179889939
59179889940
59179889941
59179889942
59179889943
59179889944
59179889945
59179889946
59179889947
59179889948
59179889949
59179889950
59179889951
59179889952
59179889953
59179889954
59179889955
59179889956
59179889957
59179889958
59179889959
59179889960
59179889961
59179889962
59179889963
59179889964
59179889965
59179889966
59179889967
59179889968
59179889969
59179889970
59179889971
59179889972
59179889973
59179889974
59179889975
59179889976
59179889977
59179889978
59179889979
59179889980
59179889981
59179889982
59179889983
59179889984
59179889985
59179889986
59179889987
59179889988
59179889989
59179889990
59179889991
59179889992
59179889993
59179889994
59179889995
59179889996
59179889997
59179889998
59179889999
59179890000
59179890001
59179890002
59179890003
59179890004
59179890005
59179890006
59179890007
59179890008
59179890009
59179890010
59179890011
59179890012
59179890013
59179890014
59179890015
59179890016
59179890017
59179890018
59179890019
59179890020
59179890021
59179890022
59179890023
59179890024
59179890025
59179890026
59179890027
59179890028
59179890029
59179890030
59179890031
59179890032
59179890033
59179890034
59179890035
59179890036
59179890037
59179890038
59179890039
59179890040
59179890041
59179890042
59179890043
59179890044
59179890045
59179890046
59179890047
59179890048
59179890049
59179890050
59179890051
59179890052
59179890053
59179890054
59179890055
59179890056
59179890057
59179890058
59179890059
59179890060
59179890061
59179890062
59179890063
59179890064
59179890065
59179890066
59179890067
59179890068
59179890069
59179890070
59179890071
59179890072
59179890073
59179890074
59179890075
59179890076
59179890077
59179890078
59179890079
59179890080
59179890081
59179890082
59179890083
59179890084
59179890085
59179890086
59179890087
59179890088
59179890089
59179890090
59179890091
59179890092
59179890093
59179890094
59179890095
59179890096
59179890097
59179890098
59179890099
59179890100
59179890101
59179890102
59179890103
59179890104
59179890105
59179890106
59179890107
59179890108
59179890109
59179890110
59179890111
59179890112
59179890113
59179890114
59179890115
59179890116
59179890117
59179890118
59179890119
59179890120
59179890121
59179890122
59179890123
59179890124
59179890125
59179890126
59179890127
59179890128
59179890129
59179890130
59179890131
59179890132
59179890133
59179890134
59179890135
59179890136
59179890137
59179890138
59179890139
59179890140
59179890141
59179890142
59179890143
59179890144
59179890145
59179890146
59179890147
59179890148
59179890149
59179890150
59179890151
59179890152
59179890153
59179890154
59179890155
59179890156
59179890157
59179890158
59179890159
59179890160
59179890161
59179890162
59179890163
59179890164
59179890165
59179890166
59179890167
59179890168
59179890169
59179890170
59179890171
59179890172
59179890173
59179890174
59179890175
59179890176
59179890177
59179890178
59179890179
59179890180
59179890181
59179890182
59179890183
59179890184
59179890185
59179890186
59179890187
59179890188
59179890189
59179890190
59179890191
59179890192
59179890193
59179890194
59179890195
59179890196
59179890197
59179890198
59179890199
59179890200
59179890201
59179890202
59179890203
59179890204
59179890205
59179890206
59179890207
59179890208
59179890209
59179890210
59179890211
59179890212
59179890213
59179890214
59179890215
59179890216
59179890217
59179890218
59179890219
59179890220
59179890221
59179890222
59179890223
59179890224
59179890225
59179890226
59179890227
59179890228
59179890229
59179890230
59179890231
59179890232
59179890233
59179890234
59179890235
59179890236
59179890237
59179890238
59179890239
59179890240
59179890241
59179890242
59179890243
59179890244
59179890245
59179890246
59179890247
59179890248
59179890249
59179890250
59179890251
59179890252
59179890253
59179890254
59179890255
59179890256
59179890257
59179890258
59179890259
59179890260
59179890261
59179890262
59179890263
59179890264
59179890265
59179890266
59179890267
59179890268
59179890269
59179890270
59179890271
59179890272
59179890273
59179890274
59179890275
59179890276
59179890277
59179890278
59179890279
59179890280
59179890281
59179890282
59179890283
59179890284
59179890285
59179890286
59179890287
59179890288
59179890289
59179890290
59179890291
59179890292
59179890293
59179890294
59179890295
59179890296
59179890297
59179890298
59179890299
59179890300
59179890301
59179890302
59179890303
59179890304
59179890305
59179890306
59179890307
59179890308
59179890309
59179890310
59179890311
59179890312
59179890313
59179890314
59179890315
59179890316
59179890317
59179890318
59179890319
59179890320
59179890321
59179890322
59179890323
59179890324
59179890325
59179890326
59179890327
59179890328
59179890329
59179890330
59179890331
59179890332
59179890333
59179890334
59179890335
59179890336
59179890337
59179890338
59179890339
59179890340
59179890341
59179890342
59179890343
59179890344
59179890345
59179890346
59179890347
59179890348
59179890349
59179890350
59179890351
59179890352
59179890353
59179890354
59179890355
59179890356
59179890357
59179890358
59179890359
59179890360
59179890361
59179890362
59179890363
59179890364
59179890365
59179890366
59179890367
59179890368
59179890369
59179890370
59179890371
59179890372
59179890373
59179890374
59179890375
59179890376
59179890377
59179890378
59179890379
59179890380
59179890381
59179890382
59179890383
59179890384
59179890385
59179890386
59179890387
59179890388
59179890389
59179890390
59179890391
59179890392
59179890393
59179890394
59179890395
59179890396
59179890397
59179890398
59179890399
59179890400
59179890401
59179890402
59179890403
59179890404
59179890405
59179890406
59179890407
59179890408
59179890409
59179890410
59179890411
59179890412
59179890413
59179890414
59179890415
59179890416
59179890417
59179890418
59179890419
59179890420
59179890421
59179890422
59179890423
59179890424
59179890425
59179890426
59179890427
59179890428
59179890429
59179890430
59179890431
59179890432
59179890433
59179890434
59179890435
59179890436
59179890437
59179890438
59179890439
59179890440
59179890441
59179890442
59179890443
59179890444
59179890445
59179890446
59179890447
59179890448
59179890449
59179890450
59179890451
59179890452
59179890453
59179890454
59179890455
59179890456
59179890457
59179890458
59179890459
59179890460
59179890461
59179890462
59179890463
59179890464
59179890465
59179890466
59179890467
59179890468
59179890469
59179890470
59179890471
59179890472
59179890473
59179890474
59179890475
59179890476
59179890477
59179890478
59179890479
59179890480
59179890481
59179890482
59179890483
59179890484
59179890485
59179890486
59179890487
59179890488
59179890489
59179890490
59179890491
59179890492
59179890493
59179890494
59179890495
59179890496
59179890497
59179890498
59179890499
59179890500
59179890501
59179890502
59179890503
59179890504
59179890505
59179890506
59179890507
59179890508
59179890509
59179890510
59179890511
59179890512
59179890513
59179890514
59179890515
59179890516
59179890517
59179890518
59179890519
59179890520
59179890521
59179890522
59179890523
59179890524
59179890525
59179890526
59179890527
59179890528
59179890529
59179890530
59179890531
59179890532
59179890533
59179890534
59179890535
59179890536
59179890537
59179890538
59179890539
59179890540
59179890541
59179890542
59179890543
59179890544
59179890545
59179890546
59179890547
59179890548
59179890549
59179890550
59179890551
59179890552
59179890553
59179890554
59179890555
59179890556
59179890557
59179890558
59179890559
59179890560
59179890561
59179890562
59179890563
59179890564
59179890565
59179890566
59179890567
59179890568
59179890569
59179890570
59179890571
59179890572
59179890573
59179890574
59179890575
59179890576
59179890577
59179890578
59179890579
59179890580
59179890581
59179890582
59179890583
59179890584
59179890585
59179890586
59179890587
59179890588
59179890589
59179890590
59179890591
59179890592
59179890593
59179890594
59179890595
59179890596
59179890597
59179890598
59179890599
59179890600
59179890601
59179890602
59179890603
59179890604
59179890605
59179890606
59179890607
59179890608
59179890609
59179890610
59179890611
59179890612
59179890613
59179890614
59179890615
59179890616
59179890617
59179890618
59179890619
59179890620
59179890621
59179890622
59179890623
59179890624
59179890625
59179890626
59179890627
59179890628
59179890629
59179890630
59179890631
59179890632
59179890633
59179890634
59179890635
59179890636
59179890637
59179890638
59179890639
59179890640
59179890641
59179890642
59179890643
59179890644
59179890645
59179890646
59179890647
59179890648
59179890649
59179890650
59179890651
59179890652
59179890653
59179890654
59179890655
59179890656
59179890657
59179890658
59179890659
59179890660
59179890661
59179890662
59179890663
59179890664
59179890665
59179890666
59179890667
59179890668
59179890669
59179890670
59179890671
59179890672
59179890673
59179890674
59179890675
59179890676
59179890677
59179890678
59179890679
59179890680
59179890681
59179890682
59179890683
59179890684
59179890685
59179890686
59179890687
59179890688
59179890689
59179890690
59179890691
59179890692
59179890693
59179890694
59179890695
59179890696
59179890697
59179890698
59179890699
59179890700
59179890701
59179890702
59179890703
59179890704
59179890705
59179890706
59179890707
59179890708
59179890709
59179890710
59179890711
59179890712
59179890713
59179890714
59179890715
59179890716
59179890717
59179890718
59179890719
59179890720
59179890721
59179890722
59179890723
59179890724
59179890725
59179890726
59179890727
59179890728
59179890729
59179890730
59179890731
59179890732
59179890733
59179890734
59179890735
59179890736
59179890737
59179890738
59179890739
59179890740
59179890741
59179890742
59179890743
59179890744
59179890745
59179890746
59179890747
59179890748
59179890749
59179890750
59179890751
59179890752
59179890753
59179890754
59179890755
59179890756
59179890757
59179890758
59179890759
59179890760
59179890761
59179890762
59179890763
59179890764
59179890765
59179890766
59179890767
59179890768
59179890769
59179890770
59179890771
59179890772
59179890773
59179890774
59179890775
59179890776
59179890777
59179890778
59179890779
59179890780
59179890781
59179890782
59179890783
59179890784
59179890785
59179890786
59179890787
59179890788
59179890789
59179890790
59179890791
59179890792
59179890793
59179890794
59179890795
59179890796
59179890797
59179890798
59179890799
59179890800
59179890801
59179890802
59179890803
59179890804
59179890805
59179890806
59179890807
59179890808
59179890809
59179890810
59179890811
59179890812
59179890813
59179890814
59179890815
59179890816
59179890817
59179890818
59179890819
59179890820
59179890821
59179890822
59179890823
59179890824
59179890825
59179890826
59179890827
59179890828
59179890829
59179890830
59179890831
59179890832
59179890833
59179890834
59179890835
59179890836
59179890837
59179890838
59179890839
59179890840
59179890841
59179890842
59179890843
59179890844
59179890845
59179890846
59179890847
59179890848
59179890849
59179890850
59179890851
59179890852
59179890853
59179890854
59179890855
59179890856
59179890857
59179890858
59179890859
59179890860
59179890861
59179890862
59179890863
59179890864
59179890865
59179890866
59179890867
59179890868
59179890869
59179890870
59179890871
59179890872
59179890873
59179890874
59179890875
59179890876
59179890877
59179890878
59179890879
59179890880
59179890881
59179890882
59179890883
59179890884
59179890885
59179890886
59179890887
59179890888
59179890889
59179890890
59179890891
59179890892
59179890893
59179890894
59179890895
59179890896
59179890897
59179890898
59179890899
59179890900
59179890901
59179890902
59179890903
59179890904
59179890905
59179890906
59179890907
59179890908
59179890909
59179890910
59179890911
59179890912
59179890913
59179890914
59179890915
59179890916
59179890917
59179890918
59179890919
59179890920
59179890921
59179890922
59179890923
59179890924
59179890925
59179890926
59179890927
59179890928
59179890929
59179890930
59179890931
59179890932
59179890933
59179890934
59179890935
59179890936
59179890937
59179890938
59179890939
59179890940
59179890941
59179890942
59179890943
59179890944
59179890945
59179890946
59179890947
59179890948
59179890949
59179890950
59179890951
59179890952
59179890953
59179890954
59179890955
59179890956
59179890957
59179890958
59179890959
59179890960
59179890961
59179890962
59179890963
59179890964
59179890965
59179890966
59179890967
59179890968
59179890969
59179890970
59179890971
59179890972
59179890973
59179890974
59179890975
59179890976
59179890977
59179890978
59179890979
59179890980
59179890981
59179890982
59179890983
59179890984
59179890985
59179890986
59179890987
59179890988
59179890989
59179890990
59179890991
59179890992
59179890993
59179890994
59179890995
59179890996
59179890997
59179890998
59179890999
59179891000
59179891001
59179891002
59179891003
59179891004
59179891005
59179891006
59179891007
59179891008
59179891009
59179891010
59179891011
59179891012
59179891013
59179891014
59179891015
59179891016
59179891017
59179891018
59179891019
59179891020
59179891021
59179891022
59179891023
59179891024
59179891025
59179891026
59179891027
59179891028
59179891029
59179891030
59179891031
59179891032
59179891033
59179891034
59179891035
59179891036
59179891037
59179891038
59179891039
59179891040
59179891041
59179891042
59179891043
59179891044
59179891045
59179891046
59179891047
59179891048
59179891049
59179891050
59179891051
59179891052
59179891053
59179891054
59179891055
59179891056
59179891057
59179891058
59179891059
59179891060
59179891061
59179891062
59179891063
59179891064
59179891065
59179891066
59179891067
59179891068
59179891069
59179891070
59179891071
59179891072
59179891073
59179891074
59179891075
59179891076
59179891077
59179891078
59179891079
59179891080
59179891081
59179891082
59179891083
59179891084
59179891085
59179891086
59179891087
59179891088
59179891089
59179891090
59179891091
59179891092
59179891093
59179891094
59179891095
59179891096
59179891097
59179891098
59179891099
59179891100
59179891101
59179891102
59179891103
59179891104
59179891105
59179891106
59179891107
59179891108
59179891109
59179891110
