59177411562
59177411563
59177411564
59177411565
59177411566
59177411567
59177411568
59177411569
59177411570
59177411571
59177411572
59177411573
59177411574
59177411575
59177411576
59177411577
59177411578
59177411579
59177411580
59177411581
59177411582
59177411583
59177411584
59177411585
59177411586
59177411587
59177411588
59177411589
59177411590
59177411591
59177411592
59177411593
59177411594
59177411595
59177411596
59177411597
59177411598
59177411599
59177411600
59177411601
59177411602
59177411603
59177411604
59177411605
59177411606
59177411607
59177411608
59177411609
59177411610
59177411611
59177411612
59177411613
59177411614
59177411615
59177411616
59177411617
59177411618
59177411619
59177411620
59177411621
59177411622
59177411623
59177411624
59177411625
59177411626
59177411627
59177411628
59177411629
59177411630
59177411631
59177411632
59177411633
59177411634
59177411635
59177411636
59177411637
59177411638
59177411639
59177411640
59177411641
59177411642
59177411643
59177411644
59177411645
59177411646
59177411647
59177411648
59177411649
59177411650
59177411651
59177411652
59177411653
59177411654
59177411655
59177411656
59177411657
59177411658
59177411659
59177411660
59177411661
59177411662
59177411663
59177411664
59177411665
59177411666
59177411667
59177411668
59177411669
59177411670
59177411671
59177411672
59177411673
59177411674
59177411675
59177411676
59177411677
59177411678
59177411679
59177411680
59177411681
59177411682
59177411683
59177411684
59177411685
59177411686
59177411687
59177411688
59177411689
59177411690
59177411691
59177411692
59177411693
59177411694
59177411695
59177411696
59177411697
59177411698
59177411699
59177411700
59177411701
59177411702
59177411703
59177411704
59177411705
59177411706
59177411707
59177411708
59177411709
59177411710
59177411711
59177411712
59177411713
59177411714
59177411715
59177411716
59177411717
59177411718
59177411719
59177411720
59177411721
59177411722
59177411723
59177411724
59177411725
59177411726
59177411727
59177411728
59177411729
59177411730
59177411731
59177411732
59177411733
59177411734
59177411735
59177411736
59177411737
59177411738
59177411739
59177411740
59177411741
59177411742
59177411743
59177411744
59177411745
59177411746
59177411747
59177411748
59177411749
59177411750
59177411751
59177411752
59177411753
59177411754
59177411755
59177411756
59177411757
59177411758
59177411759
59177411760
59177411761
59177411762
59177411763
59177411764
59177411765
59177411766
59177411767
59177411768
59177411769
59177411770
59177411771
59177411772
59177411773
59177411774
59177411775
59177411776
59177411777
59177411778
59177411779
59177411780
59177411781
59177411782
59177411783
59177411784
59177411785
59177411786
59177411787
59177411788
59177411789
59177411790
59177411791
59177411792
59177411793
59177411794
59177411795
59177411796
59177411797
59177411798
59177411799
59177411800
59177411801
59177411802
59177411803
59177411804
59177411805
59177411806
59177411807
59177411808
59177411809
59177411810
59177411811
59177411812
59177411813
59177411814
59177411815
59177411816
59177411817
59177411818
59177411819
59177411820
59177411821
59177411822
59177411823
59177411824
59177411825
59177411826
59177411827
59177411828
59177411829
59177411830
59177411831
59177411832
59177411833
59177411834
59177411835
59177411836
59177411837
59177411838
59177411839
59177411840
59177411841
59177411842
59177411843
59177411844
59177411845
59177411846
59177411847
59177411848
59177411849
59177411850
59177411851
59177411852
59177411853
59177411854
59177411855
59177411856
59177411857
59177411858
59177411859
59177411860
59177411861
59177411862
59177411863
59177411864
59177411865
59177411866
59177411867
59177411868
59177411869
59177411870
59177411871
59177411872
59177411873
59177411874
59177411875
59177411876
59177411877
59177411878
59177411879
59177411880
59177411881
59177411882
59177411883
59177411884
59177411885
59177411886
59177411887
59177411888
59177411889
59177411890
59177411891
59177411892
59177411893
59177411894
59177411895
59177411896
59177411897
59177411898
59177411899
59177411900
59177411901
59177411902
59177411903
59177411904
59177411905
59177411906
59177411907
59177411908
59177411909
59177411910
59177411911
59177411912
59177411913
59177411914
59177411915
59177411916
59177411917
59177411918
59177411919
59177411920
59177411921
59177411922
59177411923
59177411924
59177411925
59177411926
59177411927
59177411928
59177411929
59177411930
59177411931
59177411932
59177411933
59177411934
59177411935
59177411936
59177411937
59177411938
59177411939
59177411940
59177411941
59177411942
59177411943
59177411944
59177411945
59177411946
59177411947
59177411948
59177411949
59177411950
59177411951
59177411952
59177411953
59177411954
59177411955
59177411956
59177411957
59177411958
59177411959
59177411960
59177411961
59177411962
59177411963
59177411964
59177411965
59177411966
59177411967
59177411968
59177411969
59177411970
59177411971
59177411972
59177411973
59177411974
59177411975
59177411976
59177411977
59177411978
59177411979
59177411980
59177411981
59177411982
59177411983
59177411984
59177411985
59177411986
59177411987
59177411988
59177411989
59177411990
59177411991
59177411992
59177411993
59177411994
59177411995
59177411996
59177411997
59177411998
59177411999
59177412000
59177412001
59177412002
59177412003
59177412004
59177412005
59177412006
59177412007
59177412008
59177412009
59177412010
59177412011
59177412012
59177412013
59177412014
59177412015
59177412016
59177412017
59177412018
59177412019
59177412020
59177412021
59177412022
59177412023
59177412024
59177412025
59177412026
59177412027
59177412028
59177412029
59177412030
59177412031
59177412032
59177412033
59177412034
59177412035
59177412036
59177412037
59177412038
59177412039
59177412040
59177412041
59177412042
59177412043
59177412044
59177412045
59177412046
59177412047
59177412048
59177412049
59177412050
59177412051
59177412052
59177412053
59177412054
59177412055
59177412056
59177412057
59177412058
59177412059
59177412060
59177412061
59177412062
59177412063
59177412064
59177412065
59177412066
59177412067
59177412068
59177412069
59177412070
59177412071
59177412072
59177412073
59177412074
59177412075
59177412076
59177412077
59177412078
59177412079
59177412080
59177412081
59177412082
59177412083
59177412084
59177412085
59177412086
59177412087
59177412088
59177412089
59177412090
59177412091
59177412092
59177412093
59177412094
59177412095
59177412096
59177412097
59177412098
59177412099
59177412100
59177412101
59177412102
59177412103
59177412104
59177412105
59177412106
59177412107
59177412108
59177412109
59177412110
59177412111
59177412112
59177412113
59177412114
59177412115
59177412116
59177412117
59177412118
59177412119
59177412120
59177412121
59177412122
59177412123
59177412124
59177412125
59177412126
59177412127
59177412128
59177412129
59177412130
59177412131
59177412132
59177412133
59177412134
59177412135
59177412136
59177412137
59177412138
59177412139
59177412140
59177412141
59177412142
59177412143
59177412144
59177412145
59177412146
59177412147
59177412148
59177412149
59177412150
59177412151
59177412152
59177412153
59177412154
59177412155
59177412156
59177412157
59177412158
59177412159
59177412160
59177412161
59177412162
59177412163
59177412164
59177412165
59177412166
59177412167
59177412168
59177412169
59177412170
59177412171
59177412172
59177412173
59177412174
59177412175
59177412176
59177412177
59177412178
59177412179
59177412180
59177412181
59177412182
59177412183
59177412184
59177412185
59177412186
59177412187
59177412188
59177412189
59177412190
59177412191
59177412192
59177412193
59177412194
59177412195
59177412196
59177412197
59177412198
59177412199
59177412200
59177412201
59177412202
59177412203
59177412204
59177412205
59177412206
59177412207
59177412208
59177412209
59177412210
59177412211
59177412212
59177412213
59177412214
59177412215
59177412216
59177412217
59177412218
59177412219
59177412220
59177412221
59177412222
59177412223
59177412224
59177412225
59177412226
59177412227
59177412228
59177412229
59177412230
59177412231
59177412232
59177412233
59177412234
59177412235
59177412236
59177412237
59177412238
59177412239
59177412240
59177412241
59177412242
59177412243
59177412244
59177412245
59177412246
59177412247
59177412248
59177412249
59177412250
59177412251
59177412252
59177412253
59177412254
59177412255
59177412256
59177412257
59177412258
59177412259
59177412260
59177412261
59177412262
59177412263
59177412264
59177412265
59177412266
59177412267
59177412268
59177412269
59177412270
59177412271
59177412272
59177412273
59177412274
59177412275
59177412276
59177412277
59177412278
59177412279
59177412280
59177412281
59177412282
59177412283
59177412284
59177412285
59177412286
59177412287
59177412288
59177412289
59177412290
59177412291
59177412292
59177412293
59177412294
59177412295
59177412296
59177412297
59177412298
59177412299
59177412300
59177412301
59177412302
59177412303
59177412304
59177412305
59177412306
59177412307
59177412308
59177412309
59177412310
59177412311
59177412312
59177412313
59177412314
59177412315
59177412316
59177412317
59177412318
59177412319
59177412320
59177412321
59177412322
59177412323
59177412324
59177412325
59177412326
59177412327
59177412328
59177412329
59177412330
59177412331
59177412332
59177412333
59177412334
59177412335
59177412336
59177412337
59177412338
59177412339
59177412340
59177412341
59177412342
59177412343
59177412344
59177412345
59177412346
59177412347
59177412348
59177412349
59177412350
59177412351
59177412352
59177412353
59177412354
59177412355
59177412356
59177412357
59177412358
59177412359
59177412360
59177412361
59177412362
59177412363
59177412364
59177412365
59177412366
59177412367
59177412368
59177412369
59177412370
59177412371
59177412372
59177412373
59177412374
59177412375
59177412376
59177412377
59177412378
59177412379
59177412380
59177412381
59177412382
59177412383
59177412384
59177412385
59177412386
59177412387
59177412388
59177412389
59177412390
59177412391
59177412392
59177412393
59177412394
59177412395
59177412396
59177412397
59177412398
59177412399
59177412400
59177412401
59177412402
59177412403
59177412404
59177412405
59177412406
59177412407
59177412408
59177412409
59177412410
59177412411
59177412412
59177412413
59177412414
59177412415
59177412416
59177412417
59177412418
59177412419
59177412420
59177412421
59177412422
59177412423
59177412424
59177412425
59177412426
59177412427
59177412428
59177412429
59177412430
59177412431
59177412432
59177412433
59177412434
59177412435
59177412436
59177412437
59177412438
59177412439
59177412440
59177412441
59177412442
59177412443
59177412444
59177412445
59177412446
59177412447
59177412448
59177412449
59177412450
59177412451
59177412452
59177412453
59177412454
59177412455
59177412456
59177412457
59177412458
59177412459
59177412460
59177412461
59177412462
59177412463
59177412464
59177412465
59177412466
59177412467
59177412468
59177412469
59177412470
59177412471
59177412472
59177412473
59177412474
59177412475
59177412476
59177412477
59177412478
59177412479
59177412480
59177412481
59177412482
59177412483
59177412484
59177412485
59177412486
59177412487
59177412488
59177412489
59177412490
59177412491
59177412492
59177412493
59177412494
59177412495
59177412496
59177412497
59177412498
59177412499
59177412500
59177412501
59177412502
59177412503
59177412504
59177412505
59177412506
59177412507
59177412508
59177412509
59177412510
59177412511
59177412512
59177412513
59177412514
59177412515
59177412516
59177412517
59177412518
59177412519
59177412520
59177412521
59177412522
59177412523
59177412524
59177412525
59177412526
59177412527
59177412528
59177412529
59177412530
59177412531
59177412532
59177412533
59177412534
59177412535
59177412536
59177412537
59177412538
59177412539
59177412540
59177412541
59177412542
59177412543
59177412544
59177412545
59177412546
59177412547
59177412548
59177412549
59177412550
59177412551
59177412552
59177412553
59177412554
59177412555
59177412556
59177412557
59177412558
59177412559
59177412560
59177412561
59177412562
59177412563
59177412564
59177412565
59177412566
59177412567
59177412568
59177412569
59177412570
59177412571
59177412572
59177412573
59177412574
59177412575
59177412576
59177412577
59177412578
59177412579
59177412580
59177412581
59177412582
59177412583
59177412584
59177412585
59177412586
59177412587
59177412588
59177412589
59177412590
59177412591
59177412592
59177412593
59177412594
59177412595
59177412596
59177412597
59177412598
59177412599
59177412600
59177412601
59177412602
59177412603
59177412604
59177412605
59177412606
59177412607
59177412608
59177412609
59177412610
59177412611
59177412612
59177412613
59177412614
59177412615
59177412616
59177412617
59177412618
59177412619
59177412620
59177412621
59177412622
59177412623
59177412624
59177412625
59177412626
59177412627
59177412628
59177412629
59177412630
59177412631
59177412632
59177412633
59177412634
59177412635
59177412636
59177412637
59177412638
59177412639
59177412640
59177412641
59177412642
59177412643
59177412644
59177412645
59177412646
59177412647
59177412648
59177412649
59177412650
59177412651
59177412652
59177412653
59177412654
59177412655
59177412656
59177412657
59177412658
59177412659
59177412660
59177412661
59177412662
59177412663
59177412664
59177412665
59177412666
59177412667
59177412668
59177412669
59177412670
59177412671
59177412672
59177412673
59177412674
59177412675
59177412676
59177412677
59177412678
59177412679
59177412680
59177412681
59177412682
59177412683
59177412684
59177412685
59177412686
59177412687
59177412688
59177412689
59177412690
59177412691
59177412692
59177412693
59177412694
59177412695
59177412696
59177412697
59177412698
59177412699
59177412700
59177412701
59177412702
59177412703
59177412704
59177412705
59177412706
59177412707
59177412708
59177412709
59177412710
59177412711
59177412712
59177412713
59177412714
59177412715
59177412716
59177412717
59177412718
59177412719
59177412720
59177412721
59177412722
59177412723
59177412724
59177412725
59177412726
59177412727
59177412728
59177412729
59177412730
59177412731
59177412732
59177412733
59177412734
59177412735
59177412736
59177412737
59177412738
59177412739
59177412740
59177412741
59177412742
59177412743
59177412744
59177412745
59177412746
59177412747
59177412748
59177412749
59177412750
59177412751
59177412752
59177412753
59177412754
59177412755
59177412756
59177412757
59177412758
59177412759
59177412760
59177412761
59177412762
59177412763
59177412764
59177412765
59177412766
59177412767
59177412768
59177412769
59177412770
59177412771
59177412772
59177412773
59177412774
59177412775
59177412776
59177412777
59177412778
59177412779
59177412780
59177412781
59177412782
59177412783
59177412784
59177412785
59177412786
59177412787
59177412788
59177412789
59177412790
59177412791
59177412792
59177412793
59177412794
59177412795
59177412796
59177412797
59177412798
59177412799
59177412800
59177412801
59177412802
59177412803
59177412804
59177412805
59177412806
59177412807
59177412808
59177412809
59177412810
59177412811
59177412812
59177412813
59177412814
59177412815
59177412816
59177412817
59177412818
59177412819
59177412820
59177412821
59177412822
59177412823
59177412824
59177412825
59177412826
59177412827
59177412828
59177412829
59177412830
59177412831
59177412832
59177412833
59177412834
59177412835
59177412836
59177412837
59177412838
59177412839
59177412840
59177412841
59177412842
59177412843
59177412844
59177412845
59177412846
59177412847
59177412848
59177412849
59177412850
59177412851
59177412852
59177412853
59177412854
59177412855
59177412856
59177412857
59177412858
59177412859
59177412860
59177412861
59177412862
59177412863
59177412864
59177412865
59177412866
59177412867
59177412868
59177412869
59177412870
59177412871
59177412872
59177412873
59177412874
59177412875
59177412876
59177412877
59177412878
59177412879
59177412880
59177412881
59177412882
59177412883
59177412884
59177412885
59177412886
59177412887
59177412888
59177412889
59177412890
59177412891
59177412892
59177412893
59177412894
59177412895
59177412896
59177412897
59177412898
59177412899
59177412900
59177412901
59177412902
59177412903
59177412904
59177412905
59177412906
59177412907
59177412908
59177412909
59177412910
59177412911
59177412912
59177412913
59177412914
59177412915
59177412916
59177412917
59177412918
59177412919
59177412920
59177412921
59177412922
59177412923
59177412924
59177412925
59177412926
59177412927
59177412928
59177412929
59177412930
59177412931
59177412932
59177412933
59177412934
59177412935
59177412936
59177412937
59177412938
59177412939
59177412940
59177412941
59177412942
59177412943
59177412944
59177412945
59177412946
59177412947
59177412948
59177412949
59177412950
59177412951
59177412952
59177412953
59177412954
59177412955
59177412956
59177412957
59177412958
59177412959
59177412960
59177412961
59177412962
59177412963
59177412964
59177412965
59177412966
59177412967
59177412968
59177412969
59177412970
59177412971
59177412972
59177412973
59177412974
59177412975
59177412976
59177412977
59177412978
59177412979
59177412980
59177412981
59177412982
59177412983
59177412984
59177412985
59177412986
59177412987
59177412988
59177412989
59177412990
59177412991
59177412992
59177412993
59177412994
59177412995
59177412996
59177412997
59177412998
59177412999
59177413000
59177413001
59177413002
59177413003
59177413004
59177413005
59177413006
59177413007
59177413008
59177413009
59177413010
59177413011
59177413012
59177413013
59177413014
59177413015
59177413016
59177413017
59177413018
59177413019
59177413020
59177413021
59177413022
59177413023
59177413024
59177413025
59177413026
59177413027
59177413028
59177413029
59177413030
59177413031
59177413032
59177413033
59177413034
59177413035
59177413036
59177413037
59177413038
59177413039
59177413040
59177413041
59177413042
59177413043
59177413044
59177413045
59177413046
59177413047
59177413048
59177413049
59177413050
59177413051
59177413052
59177413053
59177413054
59177413055
59177413056
59177413057
59177413058
59177413059
59177413060
59177413061
59177413062
59177413063
59177413064
59177413065
59177413066
59177413067
59177413068
59177413069
59177413070
59177413071
59177413072
59177413073
59177413074
59177413075
59177413076
59177413077
59177413078
59177413079
59177413080
59177413081
59177413082
59177413083
59177413084
59177413085
59177413086
59177413087
59177413088
59177413089
59177413090
59177413091
59177413092
59177413093
59177413094
59177413095
59177413096
59177413097
59177413098
59177413099
59177413100
59177413101
59177413102
59177413103
59177413104
59177413105
59177413106
59177413107
59177413108
59177413109
59177413110
59177413111
59177413112
59177413113
59177413114
59177413115
59177413116
59177413117
59177413118
59177413119
59177413120
59177413121
59177413122
59177413123
59177413124
59177413125
59177413126
59177413127
59177413128
59177413129
59177413130
59177413131
59177413132
59177413133
59177413134
59177413135
59177413136
59177413137
59177413138
59177413139
59177413140
59177413141
59177413142
59177413143
59177413144
59177413145
59177413146
59177413147
59177413148
59177413149
59177413150
59177413151
59177413152
59177413153
59177413154
59177413155
59177413156
59177413157
59177413158
59177413159
59177413160
59177413161
59177413162
59177413163
59177413164
59177413165
59177413166
59177413167
59177413168
59177413169
59177413170
59177413171
59177413172
59177413173
59177413174
59177413175
59177413176
59177413177
59177413178
59177413179
59177413180
59177413181
59177413182
59177413183
59177413184
59177413185
59177413186
59177413187
59177413188
59177413189
59177413190
59177413191
59177413192
59177413193
59177413194
59177413195
59177413196
59177413197
59177413198
59177413199
59177413200
59177413201
59177413202
59177413203
59177413204
59177413205
59177413206
59177413207
59177413208
59177413209
59177413210
59177413211
59177413212
59177413213
59177413214
59177413215
59177413216
59177413217
59177413218
59177413219
59177413220
59177413221
59177413222
59177413223
59177413224
59177413225
59177413226
59177413227
59177413228
59177413229
59177413230
59177413231
59177413232
59177413233
59177413234
59177413235
59177413236
59177413237
59177413238
59177413239
59177413240
59177413241
59177413242
59177413243
59177413244
59177413245
59177413246
59177413247
59177413248
59177413249
59177413250
59177413251
59177413252
59177413253
59177413254
59177413255
59177413256
59177413257
59177413258
59177413259
59177413260
59177413261
59177413262
59177413263
59177413264
59177413265
59177413266
59177413267
59177413268
59177413269
59177413270
59177413271
59177413272
59177413273
59177413274
59177413275
59177413276
59177413277
59177413278
59177413279
59177413280
59177413281
59177413282
59177413283
59177413284
59177413285
59177413286
59177413287
59177413288
59177413289
59177413290
59177413291
59177413292
59177413293
59177413294
59177413295
59177413296
59177413297
59177413298
59177413299
59177413300
59177413301
59177413302
59177413303
59177413304
59177413305
59177413306
59177413307
59177413308
59177413309
59177413310
59177413311
59177413312
59177413313
59177413314
59177413315
59177413316
59177413317
59177413318
59177413319
59177413320
59177413321
59177413322
59177413323
59177413324
59177413325
59177413326
59177413327
59177413328
59177413329
59177413330
59177413331
59177413332
59177413333
59177413334
59177413335
59177413336
59177413337
59177413338
59177413339
59177413340
59177413341
59177413342
59177413343
59177413344
59177413345
59177413346
59177413347
59177413348
59177413349
59177413350
59177413351
59177413352
59177413353
59177413354
59177413355
59177413356
59177413357
59177413358
59177413359
59177413360
59177413361
59177413362
59177413363
59177413364
59177413365
59177413366
59177413367
59177413368
59177413369
59177413370
59177413371
59177413372
59177413373
59177413374
59177413375
59177413376
59177413377
59177413378
59177413379
59177413380
59177413381
59177413382
59177413383
59177413384
59177413385
59177413386
59177413387
59177413388
59177413389
59177413390
59177413391
59177413392
59177413393
59177413394
59177413395
59177413396
59177413397
59177413398
59177413399
59177413400
59177413401
59177413402
59177413403
59177413404
59177413405
59177413406
59177413407
59177413408
59177413409
59177413410
59177413411
59177413412
59177413413
59177413414
59177413415
59177413416
59177413417
59177413418
59177413419
59177413420
59177413421
59177413422
59177413423
59177413424
59177413425
59177413426
59177413427
59177413428
59177413429
59177413430
59177413431
59177413432
59177413433
59177413434
59177413435
59177413436
59177413437
59177413438
59177413439
59177413440
59177413441
59177413442
59177413443
59177413444
59177413445
59177413446
59177413447
59177413448
59177413449
59177413450
59177413451
59177413452
59177413453
59177413454
59177413455
59177413456
59177413457
59177413458
59177413459
59177413460
59177413461
59177413462
59177413463
59177413464
59177413465
59177413466
59177413467
59177413468
59177413469
59177413470
59177413471
59177413472
59177413473
59177413474
59177413475
59177413476
59177413477
59177413478
59177413479
59177413480
59177413481
59177413482
59177413483
59177413484
59177413485
59177413486
59177413487
59177413488
59177413489
59177413490
59177413491
59177413492
59177413493
59177413494
59177413495
59177413496
59177413497
59177413498
59177413499
59177413500
59177413501
59177413502
59177413503
59177413504
59177413505
59177413506
59177413507
59177413508
59177413509
59177413510
59177413511
59177413512
59177413513
59177413514
59177413515
59177413516
59177413517
59177413518
59177413519
59177413520
59177413521
59177413522
59177413523
59177413524
59177413525
59177413526
59177413527
59177413528
59177413529
59177413530
59177413531
59177413532
59177413533
59177413534
59177413535
59177413536
59177413537
59177413538
59177413539
59177413540
59177413541
59177413542
59177413543
59177413544
59177413545
59177413546
59177413547
59177413548
59177413549
59177413550
59177413551
59177413552
59177413553
59177413554
59177413555
59177413556
59177413557
59177413558
59177413559
59177413560
59177413561
59177413562
59177413563
59177413564
59177413565
59177413566
59177413567
59177413568
59177413569
59177413570
59177413571
59177413572
59177413573
59177413574
59177413575
59177413576
59177413577
59177413578
59177413579
59177413580
59177413581
59177413582
59177413583
59177413584
59177413585
59177413586
59177413587
59177413588
59177413589
59177413590
59177413591
59177413592
59177413593
59177413594
59177413595
59177413596
59177413597
59177413598
59177413599
59177413600
59177413601
59177413602
59177413603
59177413604
59177413605
59177413606
59177413607
59177413608
59177413609
59177413610
59177413611
59177413612
59177413613
59177413614
59177413615
59177413616
59177413617
59177413618
59177413619
59177413620
59177413621
59177413622
59177413623
59177413624
59177413625
59177413626
59177413627
59177413628
59177413629
59177413630
59177413631
59177413632
59177413633
59177413634
59177413635
59177413636
59177413637
59177413638
59177413639
59177413640
59177413641
59177413642
59177413643
59177413644
59177413645
59177413646
59177413647
59177413648
59177413649
59177413650
59177413651
59177413652
59177413653
59177413654
59177413655
59177413656
59177413657
59177413658
59177413659
59177413660
59177413661
59177413662
59177413663
59177413664
59177413665
59177413666
59177413667
59177413668
59177413669
59177413670
59177413671
59177413672
59177413673
59177413674
59177413675
59177413676
59177413677
59177413678
59177413679
59177413680
59177413681
59177413682
59177413683
59177413684
59177413685
59177413686
59177413687
59177413688
59177413689
59177413690
59177413691
59177413692
59177413693
59177413694
59177413695
59177413696
59177413697
59177413698
59177413699
59177413700
59177413701
59177413702
59177413703
59177413704
59177413705
59177413706
59177413707
59177413708
59177413709
59177413710
59177413711
59177413712
59177413713
59177413714
59177413715
59177413716
59177413717
59177413718
59177413719
59177413720
59177413721
59177413722
59177413723
59177413724
59177413725
59177413726
59177413727
59177413728
59177413729
59177413730
59177413731
59177413732
59177413733
59177413734
59177413735
59177413736
59177413737
59177413738
59177413739
59177413740
59177413741
59177413742
59177413743
59177413744
59177413745
59177413746
59177413747
59177413748
59177413749
59177413750
59177413751
59177413752
59177413753
59177413754
59177413755
59177413756
59177413757
59177413758
59177413759
59177413760
59177413761
59177413762
59177413763
59177413764
59177413765
59177413766
59177413767
59177413768
59177413769
59177413770
59177413771
59177413772
59177413773
59177413774
59177413775
59177413776
59177413777
59177413778
59177413779
59177413780
59177413781
59177413782
59177413783
59177413784
59177413785
59177413786
59177413787
59177413788
59177413789
59177413790
59177413791
59177413792
59177413793
59177413794
59177413795
59177413796
59177413797
59177413798
59177413799
59177413800
59177413801
59177413802
59177413803
59177413804
59177413805
59177413806
59177413807
59177413808
59177413809
59177413810
59177413811
59177413812
59177413813
59177413814
59177413815
59177413816
59177413817
59177413818
59177413819
59177413820
59177413821
59177413822
59177413823
59177413824
59177413825
59177413826
59177413827
59177413828
59177413829
59177413830
59177413831
59177413832
59177413833
59177413834
59177413835
59177413836
59177413837
59177413838
59177413839
59177413840
59177413841
59177413842
59177413843
59177413844
59177413845
59177413846
59177413847
59177413848
59177413849
59177413850
59177413851
59177413852
59177413853
59177413854
59177413855
59177413856
59177413857
59177413858
59177413859
59177413860
59177413861
59177413862
59177413863
59177413864
59177413865
59177413866
59177413867
59177413868
59177413869
59177413870
59177413871
59177413872
59177413873
59177413874
59177413875
59177413876
59177413877
59177413878
59177413879
59177413880
59177413881
59177413882
59177413883
59177413884
59177413885
59177413886
59177413887
59177413888
59177413889
59177413890
59177413891
59177413892
59177413893
59177413894
59177413895
59177413896
59177413897
59177413898
59177413899
59177413900
59177413901
59177413902
59177413903
59177413904
59177413905
59177413906
59177413907
59177413908
59177413909
59177413910
59177413911
59177413912
59177413913
59177413914
59177413915
59177413916
59177413917
59177413918
59177413919
59177413920
59177413921
59177413922
59177413923
59177413924
59177413925
59177413926
59177413927
59177413928
59177413929
59177413930
59177413931
59177413932
59177413933
59177413934
59177413935
59177413936
59177413937
59177413938
59177413939
59177413940
59177413941
59177413942
59177413943
59177413944
59177413945
59177413946
59177413947
59177413948
59177413949
59177413950
59177413951
59177413952
59177413953
59177413954
59177413955
59177413956
59177413957
59177413958
59177413959
59177413960
59177413961
59177413962
59177413963
59177413964
59177413965
59177413966
59177413967
59177413968
59177413969
59177413970
59177413971
59177413972
59177413973
59177413974
59177413975
59177413976
59177413977
59177413978
59177413979
59177413980
59177413981
59177413982
59177413983
59177413984
59177413985
59177413986
59177413987
59177413988
59177413989
59177413990
59177413991
59177413992
59177413993
59177413994
59177413995
59177413996
59177413997
59177413998
59177413999
59177414000
59177414001
59177414002
59177414003
59177414004
59177414005
59177414006
59177414007
59177414008
59177414009
59177414010
59177414011
59177414012
59177414013
59177414014
59177414015
59177414016
59177414017
59177414018
59177414019
59177414020
59177414021
59177414022
59177414023
59177414024
59177414025
59177414026
59177414027
59177414028
59177414029
59177414030
59177414031
59177414032
59177414033
59177414034
59177414035
59177414036
59177414037
59177414038
59177414039
59177414040
59177414041
59177414042
59177414043
59177414044
59177414045
59177414046
59177414047
59177414048
59177414049
59177414050
59177414051
59177414052
59177414053
59177414054
59177414055
59177414056
59177414057
59177414058
59177414059
59177414060
59177414061
59177414062
59177414063
59177414064
59177414065
59177414066
59177414067
59177414068
59177414069
59177414070
59177414071
59177414072
59177414073
59177414074
59177414075
59177414076
59177414077
59177414078
59177414079
59177414080
59177414081
59177414082
59177414083
59177414084
59177414085
59177414086
59177414087
59177414088
59177414089
59177414090
59177414091
59177414092
59177414093
59177414094
59177414095
59177414096
59177414097
59177414098
59177414099
59177414100
59177414101
59177414102
59177414103
59177414104
59177414105
59177414106
59177414107
59177414108
59177414109
59177414110
59177414111
59177414112
59177414113
59177414114
59177414115
59177414116
59177414117
59177414118
59177414119
59177414120
59177414121
59177414122
59177414123
59177414124
59177414125
59177414126
59177414127
59177414128
59177414129
59177414130
59177414131
59177414132
59177414133
59177414134
59177414135
59177414136
59177414137
59177414138
59177414139
59177414140
59177414141
59177414142
59177414143
59177414144
59177414145
59177414146
59177414147
59177414148
59177414149
59177414150
59177414151
59177414152
59177414153
59177414154
59177414155
59177414156
59177414157
59177414158
59177414159
59177414160
59177414161
59177414162
59177414163
59177414164
59177414165
59177414166
59177414167
59177414168
59177414169
59177414170
59177414171
59177414172
59177414173
59177414174
59177414175
59177414176
59177414177
59177414178
59177414179
59177414180
59177414181
59177414182
59177414183
59177414184
59177414185
59177414186
59177414187
59177414188
59177414189
59177414190
59177414191
59177414192
59177414193
59177414194
59177414195
59177414196
59177414197
59177414198
59177414199
59177414200
59177414201
59177414202
59177414203
59177414204
59177414205
59177414206
59177414207
59177414208
59177414209
59177414210
59177414211
59177414212
59177414213
59177414214
59177414215
59177414216
59177414217
59177414218
59177414219
59177414220
59177414221
59177414222
59177414223
59177414224
59177414225
59177414226
59177414227
59177414228
59177414229
59177414230
59177414231
59177414232
59177414233
59177414234
59177414235
59177414236
59177414237
59177414238
59177414239
59177414240
59177414241
59177414242
59177414243
59177414244
59177414245
59177414246
59177414247
59177414248
59177414249
59177414250
59177414251
59177414252
59177414253
59177414254
59177414255
59177414256
59177414257
59177414258
59177414259
59177414260
59177414261
59177414262
59177414263
59177414264
59177414265
59177414266
59177414267
59177414268
59177414269
59177414270
59177414271
59177414272
59177414273
59177414274
59177414275
59177414276
59177414277
59177414278
59177414279
59177414280
59177414281
59177414282
59177414283
59177414284
59177414285
59177414286
59177414287
59177414288
59177414289
59177414290
59177414291
59177414292
59177414293
59177414294
59177414295
59177414296
59177414297
59177414298
59177414299
59177414300
59177414301
59177414302
59177414303
59177414304
59177414305
59177414306
59177414307
59177414308
59177414309
59177414310
59177414311
59177414312
59177414313
59177414314
59177414315
59177414316
59177414317
59177414318
59177414319
59177414320
59177414321
59177414322
59177414323
59177414324
59177414325
59177414326
59177414327
59177414328
59177414329
59177414330
59177414331
59177414332
59177414333
59177414334
59177414335
59177414336
59177414337
59177414338
59177414339
59177414340
59177414341
59177414342
59177414343
59177414344
59177414345
59177414346
59177414347
59177414348
59177414349
59177414350
59177414351
59177414352
59177414353
59177414354
59177414355
59177414356
59177414357
59177414358
59177414359
59177414360
59177414361
59177414362
59177414363
59177414364
59177414365
59177414366
59177414367
59177414368
59177414369
59177414370
59177414371
59177414372
59177414373
59177414374
59177414375
59177414376
59177414377
59177414378
59177414379
59177414380
59177414381
59177414382
59177414383
59177414384
59177414385
59177414386
59177414387
59177414388
59177414389
59177414390
59177414391
59177414392
59177414393
59177414394
59177414395
59177414396
59177414397
59177414398
59177414399
59177414400
59177414401
59177414402
59177414403
59177414404
59177414405
59177414406
59177414407
59177414408
59177414409
59177414410
59177414411
59177414412
59177414413
59177414414
59177414415
59177414416
59177414417
59177414418
59177414419
59177414420
59177414421
59177414422
59177414423
59177414424
59177414425
59177414426
59177414427
59177414428
59177414429
59177414430
59177414431
59177414432
59177414433
59177414434
59177414435
59177414436
59177414437
59177414438
59177414439
59177414440
59177414441
59177414442
59177414443
59177414444
59177414445
59177414446
59177414447
59177414448
59177414449
59177414450
59177414451
59177414452
59177414453
59177414454
59177414455
59177414456
59177414457
59177414458
59177414459
59177414460
59177414461
59177414462
59177414463
59177414464
59177414465
59177414466
59177414467
59177414468
59177414469
59177414470
59177414471
59177414472
59177414473
59177414474
59177414475
59177414476
59177414477
59177414478
59177414479
59177414480
59177414481
59177414482
59177414483
59177414484
59177414485
59177414486
59177414487
59177414488
59177414489
59177414490
59177414491
59177414492
59177414493
59177414494
59177414495
59177414496
59177414497
59177414498
59177414499
59177414500
59177414501
59177414502
59177414503
59177414504
59177414505
59177414506
59177414507
59177414508
59177414509
59177414510
59177414511
59177414512
59177414513
59177414514
59177414515
59177414516
59177414517
59177414518
59177414519
59177414520
59177414521
59177414522
59177414523
59177414524
59177414525
59177414526
59177414527
59177414528
59177414529
59177414530
59177414531
59177414532
59177414533
59177414534
59177414535
59177414536
59177414537
59177414538
59177414539
59177414540
59177414541
59177414542
59177414543
59177414544
59177414545
59177414546
59177414547
59177414548
59177414549
59177414550
59177414551
59177414552
59177414553
59177414554
59177414555
59177414556
59177414557
59177414558
59177414559
59177414560
59177414561
59177414562
59177414563
59177414564
59177414565
59177414566
59177414567
59177414568
59177414569
59177414570
59177414571
59177414572
59177414573
59177414574
59177414575
59177414576
59177414577
59177414578
59177414579
59177414580
59177414581
59177414582
59177414583
59177414584
59177414585
59177414586
59177414587
59177414588
59177414589
59177414590
59177414591
59177414592
59177414593
59177414594
59177414595
59177414596
59177414597
59177414598
59177414599
59177414600
59177414601
59177414602
59177414603
59177414604
59177414605
59177414606
59177414607
59177414608
59177414609
59177414610
59177414611
59177414612
59177414613
59177414614
59177414615
59177414616
59177414617
59177414618
59177414619
59177414620
59177414621
59177414622
59177414623
59177414624
59177414625
59177414626
59177414627
59177414628
59177414629
59177414630
59177414631
59177414632
59177414633
59177414634
59177414635
59177414636
59177414637
59177414638
59177414639
59177414640
59177414641
59177414642
59177414643
59177414644
59177414645
59177414646
59177414647
59177414648
59177414649
59177414650
59177414651
59177414652
59177414653
59177414654
59177414655
59177414656
59177414657
59177414658
59177414659
59177414660
59177414661
59177414662
59177414663
59177414664
59177414665
59177414666
59177414667
59177414668
59177414669
59177414670
59177414671
59177414672
59177414673
59177414674
59177414675
59177414676
59177414677
59177414678
59177414679
59177414680
59177414681
59177414682
59177414683
59177414684
59177414685
59177414686
59177414687
59177414688
59177414689
59177414690
59177414691
59177414692
59177414693
59177414694
59177414695
59177414696
59177414697
59177414698
59177414699
59177414700
59177414701
59177414702
59177414703
59177414704
59177414705
59177414706
59177414707
59177414708
59177414709
59177414710
59177414711
59177414712
59177414713
59177414714
59177414715
59177414716
59177414717
59177414718
59177414719
59177414720
59177414721
59177414722
59177414723
59177414724
59177414725
59177414726
59177414727
59177414728
59177414729
59177414730
59177414731
59177414732
59177414733
59177414734
59177414735
59177414736
59177414737
59177414738
59177414739
59177414740
59177414741
59177414742
59177414743
59177414744
59177414745
59177414746
59177414747
59177414748
59177414749
59177414750
59177414751
59177414752
59177414753
59177414754
59177414755
59177414756
59177414757
59177414758
59177414759
59177414760
59177414761
59177414762
59177414763
59177414764
59177414765
59177414766
59177414767
59177414768
59177414769
59177414770
59177414771
59177414772
59177414773
59177414774
59177414775
59177414776
59177414777
59177414778
59177414779
59177414780
59177414781
59177414782
59177414783
59177414784
59177414785
59177414786
59177414787
59177414788
59177414789
59177414790
59177414791
59177414792
59177414793
59177414794
59177414795
59177414796
59177414797
59177414798
59177414799
59177414800
59177414801
59177414802
59177414803
59177414804
59177414805
59177414806
59177414807
59177414808
59177414809
59177414810
59177414811
59177414812
59177414813
59177414814
59177414815
59177414816
59177414817
59177414818
59177414819
59177414820
59177414821
59177414822
59177414823
59177414824
59177414825
59177414826
59177414827
59177414828
59177414829
59177414830
59177414831
59177414832
59177414833
59177414834
59177414835
59177414836
59177414837
59177414838
59177414839
59177414840
59177414841
59177414842
59177414843
59177414844
59177414845
59177414846
59177414847
59177414848
59177414849
59177414850
59177414851
59177414852
59177414853
59177414854
59177414855
59177414856
59177414857
59177414858
59177414859
59177414860
59177414861
59177414862
59177414863
59177414864
59177414865
59177414866
59177414867
59177414868
59177414869
59177414870
59177414871
59177414872
59177414873
59177414874
59177414875
59177414876
59177414877
59177414878
59177414879
59177414880
59177414881
59177414882
59177414883
59177414884
59177414885
59177414886
59177414887
59177414888
59177414889
59177414890
59177414891
59177414892
59177414893
59177414894
59177414895
59177414896
59177414897
59177414898
59177414899
59177414900
59177414901
59177414902
59177414903
59177414904
59177414905
59177414906
59177414907
59177414908
59177414909
59177414910
59177414911
59177414912
59177414913
59177414914
59177414915
59177414916
59177414917
59177414918
59177414919
59177414920
59177414921
59177414922
59177414923
59177414924
59177414925
59177414926
59177414927
59177414928
59177414929
59177414930
59177414931
59177414932
59177414933
59177414934
59177414935
59177414936
59177414937
59177414938
59177414939
59177414940
59177414941
59177414942
59177414943
59177414944
59177414945
59177414946
59177414947
59177414948
59177414949
59177414950
59177414951
59177414952
59177414953
59177414954
59177414955
59177414956
59177414957
59177414958
59177414959
59177414960
59177414961
59177414962
59177414963
59177414964
59177414965
59177414966
59177414967
59177414968
59177414969
59177414970
59177414971
59177414972
59177414973
59177414974
59177414975
59177414976
59177414977
59177414978
59177414979
59177414980
59177414981
59177414982
59177414983
59177414984
59177414985
59177414986
59177414987
59177414988
59177414989
59177414990
59177414991
59177414992
59177414993
59177414994
59177414995
59177414996
59177414997
59177414998
59177414999
59177415000
59177415001
59177415002
59177415003
59177415004
59177415005
59177415006
59177415007
59177415008
59177415009
59177415010
59177415011
59177415012
59177415013
59177415014
59177415015
59177415016
59177415017
59177415018
59177415019
59177415020
59177415021
59177415022
59177415023
59177415024
59177415025
59177415026
59177415027
59177415028
59177415029
59177415030
59177415031
59177415032
59177415033
59177415034
59177415035
59177415036
59177415037
59177415038
59177415039
59177415040
59177415041
59177415042
59177415043
59177415044
59177415045
59177415046
59177415047
59177415048
59177415049
59177415050
59177415051
59177415052
59177415053
59177415054
59177415055
59177415056
59177415057
59177415058
59177415059
59177415060
59177415061
59177415062
59177415063
59177415064
59177415065
59177415066
59177415067
59177415068
59177415069
59177415070
59177415071
59177415072
59177415073
59177415074
59177415075
59177415076
59177415077
59177415078
59177415079
59177415080
59177415081
59177415082
59177415083
59177415084
59177415085
59177415086
59177415087
59177415088
59177415089
59177415090
59177415091
59177415092
59177415093
59177415094
59177415095
59177415096
59177415097
59177415098
59177415099
59177415100
59177415101
59177415102
59177415103
59177415104
59177415105
59177415106
59177415107
59177415108
59177415109
59177415110
59177415111
59177415112
59177415113
59177415114
59177415115
59177415116
59177415117
59177415118
59177415119
59177415120
59177415121
59177415122
59177415123
59177415124
59177415125
59177415126
59177415127
59177415128
59177415129
59177415130
59177415131
59177415132
59177415133
59177415134
59177415135
59177415136
59177415137
59177415138
59177415139
59177415140
59177415141
59177415142
59177415143
59177415144
59177415145
59177415146
59177415147
59177415148
59177415149
59177415150
59177415151
59177415152
59177415153
59177415154
59177415155
59177415156
59177415157
59177415158
59177415159
59177415160
59177415161
59177415162
59177415163
59177415164
59177415165
59177415166
59177415167
59177415168
59177415169
59177415170
59177415171
59177415172
59177415173
59177415174
59177415175
59177415176
59177415177
59177415178
59177415179
59177415180
59177415181
59177415182
59177415183
59177415184
59177415185
59177415186
59177415187
59177415188
59177415189
59177415190
59177415191
59177415192
59177415193
59177415194
59177415195
59177415196
59177415197
59177415198
59177415199
59177415200
59177415201
59177415202
59177415203
59177415204
59177415205
59177415206
59177415207
59177415208
59177415209
59177415210
59177415211
59177415212
59177415213
59177415214
59177415215
59177415216
59177415217
59177415218
59177415219
59177415220
59177415221
59177415222
59177415223
59177415224
59177415225
59177415226
59177415227
59177415228
59177415229
59177415230
59177415231
59177415232
59177415233
59177415234
59177415235
59177415236
59177415237
59177415238
59177415239
59177415240
59177415241
59177415242
59177415243
59177415244
59177415245
59177415246
59177415247
59177415248
59177415249
59177415250
59177415251
59177415252
59177415253
59177415254
59177415255
59177415256
59177415257
59177415258
59177415259
59177415260
59177415261
59177415262
59177415263
59177415264
59177415265
59177415266
59177415267
59177415268
59177415269
59177415270
59177415271
59177415272
59177415273
59177415274
59177415275
59177415276
59177415277
59177415278
59177415279
59177415280
59177415281
59177415282
59177415283
59177415284
59177415285
59177415286
59177415287
59177415288
59177415289
59177415290
59177415291
59177415292
59177415293
59177415294
59177415295
59177415296
59177415297
59177415298
59177415299
59177415300
59177415301
59177415302
59177415303
59177415304
59177415305
59177415306
59177415307
59177415308
59177415309
59177415310
59177415311
59177415312
59177415313
59177415314
59177415315
59177415316
59177415317
59177415318
59177415319
59177415320
59177415321
59177415322
59177415323
59177415324
59177415325
59177415326
59177415327
59177415328
59177415329
59177415330
59177415331
59177415332
59177415333
59177415334
59177415335
59177415336
59177415337
59177415338
59177415339
59177415340
59177415341
59177415342
59177415343
59177415344
59177415345
59177415346
59177415347
59177415348
59177415349
59177415350
59177415351
59177415352
59177415353
59177415354
59177415355
59177415356
59177415357
59177415358
59177415359
59177415360
59177415361
59177415362
59177415363
59177415364
59177415365
59177415366
59177415367
59177415368
59177415369
59177415370
59177415371
59177415372
59177415373
59177415374
59177415375
59177415376
59177415377
59177415378
59177415379
59177415380
59177415381
59177415382
59177415383
59177415384
59177415385
59177415386
59177415387
59177415388
59177415389
59177415390
59177415391
59177415392
59177415393
59177415394
59177415395
59177415396
59177415397
59177415398
59177415399
59177415400
59177415401
59177415402
59177415403
59177415404
59177415405
59177415406
59177415407
59177415408
59177415409
59177415410
59177415411
59177415412
59177415413
59177415414
59177415415
59177415416
59177415417
59177415418
59177415419
59177415420
59177415421
59177415422
59177415423
59177415424
59177415425
59177415426
59177415427
59177415428
59177415429
59177415430
59177415431
59177415432
59177415433
59177415434
59177415435
59177415436
59177415437
59177415438
59177415439
59177415440
59177415441
59177415442
59177415443
59177415444
59177415445
59177415446
59177415447
59177415448
59177415449
59177415450
59177415451
59177415452
59177415453
59177415454
59177415455
59177415456
59177415457
59177415458
59177415459
59177415460
59177415461
59177415462
59177415463
59177415464
59177415465
59177415466
59177415467
59177415468
59177415469
59177415470
59177415471
59177415472
59177415473
59177415474
59177415475
59177415476
59177415477
59177415478
59177415479
59177415480
59177415481
59177415482
59177415483
59177415484
59177415485
59177415486
59177415487
59177415488
59177415489
59177415490
59177415491
59177415492
59177415493
59177415494
59177415495
59177415496
59177415497
59177415498
59177415499
59177415500
59177415501
59177415502
59177415503
59177415504
59177415505
59177415506
59177415507
59177415508
59177415509
59177415510
59177415511
59177415512
59177415513
59177415514
59177415515
59177415516
59177415517
59177415518
59177415519
59177415520
59177415521
59177415522
59177415523
59177415524
59177415525
59177415526
59177415527
59177415528
59177415529
59177415530
59177415531
59177415532
59177415533
59177415534
59177415535
59177415536
59177415537
59177415538
59177415539
59177415540
59177415541
59177415542
59177415543
59177415544
59177415545
59177415546
59177415547
59177415548
59177415549
59177415550
59177415551
59177415552
59177415553
59177415554
59177415555
59177415556
59177415557
59177415558
59177415559
59177415560
59177415561
59177415562
59177415563
59177415564
59177415565
59177415566
59177415567
59177415568
59177415569
59177415570
59177415571
59177415572
59177415573
59177415574
59177415575
59177415576
59177415577
59177415578
59177415579
59177415580
59177415581
59177415582
59177415583
59177415584
59177415585
59177415586
59177415587
59177415588
59177415589
59177415590
59177415591
59177415592
59177415593
59177415594
59177415595
59177415596
59177415597
59177415598
59177415599
59177415600
59177415601
59177415602
59177415603
59177415604
59177415605
59177415606
59177415607
59177415608
59177415609
59177415610
59177415611
59177415612
59177415613
59177415614
59177415615
59177415616
59177415617
59177415618
59177415619
59177415620
59177415621
59177415622
59177415623
59177415624
59177415625
59177415626
59177415627
59177415628
59177415629
59177415630
59177415631
59177415632
59177415633
59177415634
59177415635
59177415636
59177415637
59177415638
59177415639
59177415640
59177415641
59177415642
59177415643
59177415644
59177415645
59177415646
59177415647
59177415648
59177415649
59177415650
59177415651
59177415652
59177415653
59177415654
59177415655
59177415656
59177415657
59177415658
59177415659
59177415660
59177415661
59177415662
59177415663
59177415664
59177415665
59177415666
59177415667
59177415668
59177415669
59177415670
59177415671
59177415672
59177415673
59177415674
59177415675
59177415676
59177415677
59177415678
59177415679
59177415680
59177415681
59177415682
59177415683
59177415684
59177415685
59177415686
59177415687
59177415688
59177415689
59177415690
59177415691
59177415692
59177415693
59177415694
59177415695
59177415696
59177415697
59177415698
59177415699
59177415700
59177415701
59177415702
59177415703
59177415704
59177415705
59177415706
59177415707
59177415708
59177415709
59177415710
59177415711
59177415712
59177415713
59177415714
59177415715
59177415716
59177415717
59177415718
59177415719
59177415720
59177415721
59177415722
59177415723
59177415724
59177415725
59177415726
59177415727
59177415728
59177415729
59177415730
59177415731
59177415732
59177415733
59177415734
59177415735
59177415736
59177415737
59177415738
59177415739
59177415740
59177415741
59177415742
59177415743
59177415744
59177415745
59177415746
59177415747
59177415748
59177415749
59177415750
59177415751
59177415752
59177415753
59177415754
59177415755
59177415756
59177415757
59177415758
59177415759
59177415760
59177415761
59177415762
59177415763
59177415764
59177415765
59177415766
59177415767
59177415768
59177415769
59177415770
59177415771
59177415772
59177415773
59177415774
59177415775
59177415776
59177415777
59177415778
59177415779
59177415780
59177415781
59177415782
59177415783
59177415784
59177415785
59177415786
59177415787
59177415788
59177415789
59177415790
59177415791
59177415792
59177415793
59177415794
59177415795
59177415796
59177415797
59177415798
59177415799
59177415800
59177415801
59177415802
59177415803
59177415804
59177415805
59177415806
59177415807
59177415808
59177415809
59177415810
59177415811
59177415812
59177415813
59177415814
59177415815
59177415816
59177415817
59177415818
59177415819
59177415820
59177415821
59177415822
59177415823
59177415824
59177415825
59177415826
59177415827
59177415828
59177415829
59177415830
59177415831
59177415832
59177415833
59177415834
59177415835
59177415836
59177415837
59177415838
59177415839
59177415840
59177415841
59177415842
59177415843
59177415844
59177415845
59177415846
59177415847
59177415848
59177415849
59177415850
59177415851
59177415852
59177415853
59177415854
59177415855
59177415856
59177415857
59177415858
59177415859
59177415860
59177415861
59177415862
59177415863
59177415864
59177415865
59177415866
59177415867
59177415868
59177415869
59177415870
59177415871
59177415872
59177415873
59177415874
59177415875
59177415876
59177415877
59177415878
59177415879
59177415880
59177415881
59177415882
59177415883
59177415884
59177415885
59177415886
59177415887
59177415888
59177415889
59177415890
59177415891
59177415892
59177415893
59177415894
59177415895
59177415896
59177415897
59177415898
59177415899
59177415900
59177415901
59177415902
59177415903
59177415904
59177415905
59177415906
59177415907
59177415908
59177415909
59177415910
59177415911
59177415912
59177415913
59177415914
59177415915
59177415916
59177415917
59177415918
59177415919
59177415920
59177415921
59177415922
59177415923
59177415924
59177415925
59177415926
59177415927
59177415928
59177415929
59177415930
59177415931
59177415932
59177415933
59177415934
59177415935
59177415936
59177415937
59177415938
59177415939
59177415940
59177415941
59177415942
59177415943
59177415944
59177415945
59177415946
59177415947
59177415948
59177415949
59177415950
59177415951
59177415952
59177415953
59177415954
59177415955
59177415956
59177415957
59177415958
59177415959
59177415960
59177415961
59177415962
59177415963
59177415964
59177415965
59177415966
59177415967
59177415968
59177415969
59177415970
59177415971
59177415972
59177415973
59177415974
59177415975
59177415976
59177415977
59177415978
59177415979
59177415980
59177415981
59177415982
59177415983
59177415984
59177415985
59177415986
59177415987
59177415988
59177415989
59177415990
59177415991
59177415992
59177415993
59177415994
59177415995
59177415996
59177415997
59177415998
59177415999
59177416000
59177416001
59177416002
59177416003
59177416004
59177416005
59177416006
59177416007
59177416008
59177416009
59177416010
59177416011
59177416012
59177416013
59177416014
59177416015
59177416016
59177416017
59177416018
59177416019
59177416020
59177416021
59177416022
59177416023
59177416024
59177416025
59177416026
59177416027
59177416028
59177416029
59177416030
59177416031
59177416032
59177416033
59177416034
59177416035
59177416036
59177416037
59177416038
59177416039
59177416040
59177416041
59177416042
59177416043
59177416044
59177416045
59177416046
59177416047
59177416048
59177416049
59177416050
59177416051
59177416052
59177416053
59177416054
59177416055
59177416056
59177416057
59177416058
59177416059
59177416060
59177416061
59177416062
59177416063
59177416064
59177416065
59177416066
59177416067
59177416068
59177416069
59177416070
59177416071
59177416072
59177416073
59177416074
59177416075
59177416076
59177416077
59177416078
59177416079
59177416080
59177416081
59177416082
59177416083
59177416084
59177416085
59177416086
59177416087
59177416088
59177416089
59177416090
59177416091
59177416092
59177416093
59177416094
59177416095
59177416096
59177416097
59177416098
59177416099
59177416100
59177416101
59177416102
59177416103
59177416104
59177416105
59177416106
59177416107
59177416108
59177416109
59177416110
59177416111
59177416112
59177416113
59177416114
59177416115
59177416116
59177416117
59177416118
59177416119
59177416120
59177416121
59177416122
59177416123
59177416124
59177416125
59177416126
59177416127
59177416128
59177416129
59177416130
59177416131
59177416132
59177416133
59177416134
59177416135
59177416136
59177416137
59177416138
59177416139
59177416140
59177416141
59177416142
59177416143
59177416144
59177416145
59177416146
59177416147
59177416148
59177416149
59177416150
59177416151
59177416152
59177416153
59177416154
59177416155
59177416156
59177416157
59177416158
59177416159
59177416160
59177416161
59177416162
59177416163
59177416164
59177416165
59177416166
59177416167
59177416168
59177416169
59177416170
59177416171
59177416172
59177416173
59177416174
59177416175
59177416176
59177416177
59177416178
59177416179
59177416180
59177416181
59177416182
59177416183
59177416184
59177416185
59177416186
59177416187
59177416188
59177416189
59177416190
59177416191
59177416192
59177416193
59177416194
59177416195
59177416196
59177416197
59177416198
59177416199
59177416200
59177416201
59177416202
59177416203
59177416204
59177416205
59177416206
59177416207
59177416208
59177416209
59177416210
59177416211
59177416212
59177416213
59177416214
59177416215
59177416216
59177416217
59177416218
59177416219
59177416220
59177416221
59177416222
59177416223
59177416224
59177416225
59177416226
59177416227
59177416228
59177416229
59177416230
59177416231
59177416232
59177416233
59177416234
59177416235
59177416236
59177416237
59177416238
59177416239
59177416240
59177416241
59177416242
59177416243
59177416244
59177416245
59177416246
59177416247
59177416248
59177416249
59177416250
59177416251
59177416252
59177416253
59177416254
59177416255
59177416256
59177416257
59177416258
59177416259
59177416260
59177416261
59177416262
59177416263
59177416264
59177416265
59177416266
59177416267
59177416268
59177416269
59177416270
59177416271
59177416272
59177416273
59177416274
59177416275
59177416276
59177416277
59177416278
59177416279
59177416280
59177416281
59177416282
59177416283
59177416284
59177416285
59177416286
59177416287
59177416288
59177416289
59177416290
59177416291
59177416292
59177416293
59177416294
59177416295
59177416296
59177416297
59177416298
59177416299
59177416300
59177416301
59177416302
59177416303
59177416304
59177416305
59177416306
59177416307
59177416308
59177416309
59177416310
59177416311
59177416312
59177416313
59177416314
59177416315
59177416316
59177416317
59177416318
59177416319
59177416320
59177416321
59177416322
59177416323
59177416324
59177416325
59177416326
59177416327
59177416328
59177416329
59177416330
59177416331
59177416332
59177416333
59177416334
59177416335
59177416336
59177416337
59177416338
59177416339
59177416340
59177416341
59177416342
59177416343
59177416344
59177416345
59177416346
59177416347
59177416348
59177416349
59177416350
59177416351
59177416352
59177416353
59177416354
59177416355
59177416356
59177416357
59177416358
59177416359
59177416360
59177416361
59177416362
59177416363
59177416364
59177416365
59177416366
59177416367
59177416368
59177416369
59177416370
59177416371
59177416372
59177416373
59177416374
59177416375
59177416376
59177416377
59177416378
59177416379
59177416380
59177416381
59177416382
59177416383
59177416384
59177416385
59177416386
59177416387
59177416388
59177416389
59177416390
59177416391
59177416392
59177416393
59177416394
59177416395
59177416396
59177416397
59177416398
59177416399
59177416400
59177416401
59177416402
59177416403
59177416404
59177416405
59177416406
59177416407
59177416408
59177416409
59177416410
59177416411
59177416412
59177416413
59177416414
59177416415
59177416416
59177416417
59177416418
59177416419
59177416420
59177416421
59177416422
59177416423
59177416424
59177416425
59177416426
59177416427
59177416428
59177416429
59177416430
59177416431
59177416432
59177416433
59177416434
59177416435
59177416436
59177416437
59177416438
59177416439
59177416440
59177416441
59177416442
59177416443
59177416444
59177416445
59177416446
59177416447
59177416448
59177416449
59177416450
59177416451
59177416452
59177416453
59177416454
59177416455
59177416456
59177416457
59177416458
59177416459
59177416460
59177416461
59177416462
59177416463
59177416464
59177416465
59177416466
59177416467
59177416468
59177416469
59177416470
59177416471
59177416472
59177416473
59177416474
59177416475
59177416476
59177416477
59177416478
59177416479
59177416480
59177416481
59177416482
59177416483
59177416484
59177416485
59177416486
59177416487
59177416488
59177416489
59177416490
59177416491
59177416492
59177416493
59177416494
59177416495
59177416496
59177416497
59177416498
59177416499
59177416500
59177416501
59177416502
59177416503
59177416504
59177416505
59177416506
59177416507
59177416508
59177416509
59177416510
59177416511
59177416512
59177416513
59177416514
59177416515
59177416516
59177416517
59177416518
59177416519
59177416520
59177416521