58638910165
58638370166
58637830167
58637290168
58636750169
58636210170
58635670171
58635130172
58634590173
58634050174
58633510175
58632970176
58632430177
58631890178
58631350179
58630810180
58630270181
58629730182
58629190183
58628650184
58628110185
58627570186
58627030187
58626490188
58625950189
58625410190
58624870191
58624330192
58623790193
58623250194
58622710195
58622170196
58621630197
58621090198
58620550199
58620010200
58619470201
58618930202
58618390203
58617850204
58617310205
58616770206
58616230207
58615690208
58615150209
58614610210
58614070211
58613530212
58612990213
58612450214
58611910215
58611370216
58610830217
58610290218
58609750219
58609210220
58608670221
58608130222
58607590223
58607050224
58606510225
58605970226
58605430227
58604890228
58604350229
58603810230
58603270231
58602730232
58602190233
58601650234
58601110235
58600570236
58600030237
58599490238
58598950239
58598410240
58597870241
58597330242
58596790243
58596250244
58595710245
58595170246
58594630247
58594090248
58593550249
58593010250
58592470251
58591930252
58591390253
58590850254
58590310255
58589770256
58589230257
58588690258
58588150259
58587610260
58587070261
58586530262
58585990263
58585450264
58584910265
58584370266
58583830267
58583290268
58582750269
58582210270
58581670271
58581130272
58580590273
58580050274
58579510275
58578970276
58578430277
58577890278
58577350279
58576810280
58576270281
58575730282
58575190283
58574650284
58574110285
58573570286
58573030287
58572490288
58571950289
58571410290
58570870291
58570330292
58569790293
58569250294
58568710295
58568170296
58567630297
58567090298
58566550299
58566010300
58565470301
58564930302
58564390303
58563850304
58563310305
58562770306
58562230307
58561690308
58561150309
58560610310
58560070311
58559530312
58558990313
58558450314
58557910315
58557370316
58556830317
58556290318
58555750319
58555210320
58554670321
58554130322
58553590323
58553050324
58552510325
58551970326
58551430327
58550890328
58550350329
58549810330
58549270331
58548730332
58548190333
58547650334
58547110335
58546570336
58546030337
58545490338
58544950339
58544410340
58543870341
58543330342
58542790343
58542250344
58541710345
58541170346
58540630347
58540090348
58539550349
58539010350
58538470351
58537930352
58537390353
58536850354
58536310355
58535770356
58535230357
58534690358
58534150359
58533610360
58533070361
58532530362
58531990363
58531450364
58530910365
58530370366
58529830367
58529290368
58528750369
58528210370
58527670371
58527130372
58526590373
58526050374
58525510375
58524970376
58524430377
58523890378
58523350379
58522810380
58522270381
58521730382
58521190383
58520650384
58520110385
58519570386
58519030387
58518490388
58517950389
58517410390
58516870391
58516330392
58515790393
58515250394
58514710395
58514170396
58513630397
58513090398
58512550399
58512010400
58511470401
58510930402
58510390403
58509850404
58509310405
58508770406
58508230407
58507690408
58507150409
58506610410
58506070411
58505530412
58504990413
58504450414
58503910415
58503370416
58502830417
58502290418
58501750419
58501210420
58500670421
58500130422
58499590423
58499050424
58498510425
58497970426
58497430427
58496890428
58496350429
58495810430
58495270431
58494730432
58494190433
58493650434
58493110435
58492570436
58492030437
58491490438
58490950439
58490410440
58489870441
58489330442
58488790443
58488250444
58487710445
58487170446
58486630447
58486090448
58485550449
58485010450
58484470451
58483930452
58483390453
58482850454
58482310455
58481770456
58481230457
58480690458
58480150459
58479610460
58479070461
58478530462
58477990463
58477450464
58476910465
58476370466
58475830467
58475290468
58474750469
58474210470
58473670471
58473130472
58472590473
58472050474
58471510475
58470970476
58470430477
58469890478
58469350479
58468810480
58468270481
58467730482
58467190483
58466650484
58466110485
58465570486
58465030487
58464490488
58463950489
58463410490
58462870491
58462330492
58461790493
58461250494
58460710495
58460170496
58459630497
58459090498
58458550499
58458010500
58457470501
58456930502
58456390503
58455850504
58455310505
58454770506
58454230507
58453690508
58453150509
58452610510
58452070511
58451530512
58450990513
58450450514
58449910515
58449370516
58448830517
58448290518
58447750519
58447210520
58446670521
58446130522
58445590523
58445050524
58444510525
58443970526
58443430527
58442890528
58442350529
58441810530
58441270531
58440730532
58440190533
58439650534
58439110535
58438570536
58438030537
58437490538
58436950539
58436410540
58435870541
58435330542
58434790543
58434250544
58433710545
58433170546
58432630547
58432090548
58431550549
58431010550
58430470551
58429930552
58429390553
58428850554
58428310555
58427770556
58427230557
58426690558
58426150559
58425610560
58425070561
58424530562
58423990563
58423450564
58422910565
58422370566
58421830567
58421290568
58420750569
58420210570
58419670571
58419130572
58418590573
58418050574
58417510575
58416970576
58416430577
58415890578
58415350579
58414810580
58414270581
58413730582
58413190583
58412650584
58412110585
58411570586
58411030587
58410490588
58409950589
58409410590
58408870591
58408330592
58407790593
58407250594
58406710595
58406170596
58405630597
58405090598
58404550599
58404010600
58403470601
58402930602
58402390603
58401850604
58401310605
58400770606
58400230607
58399690608
58399150609
58398610610
58398070611
58397530612
58396990613
58396450614
58395910615
58395370616
58394830617
58394290618
58393750619
58393210620
58392670621
58392130622
58391590623
58391050624
58390510625
58389970626
58389430627
58388890628
58388350629
58387810630
58387270631
58386730632
58386190633
58385650634
58385110635
58384570636
58384030637
58383490638
58382950639
58382410640
58381870641
58381330642
58380790643
58380250644
58379710645
58379170646
58378630647
58378090648
58377550649
58377010650
58376470651
58375930652
58375390653
58374850654
58374310655
58373770656
58373230657
58372690658
58372150659
58371610660
58371070661
58370530662
58369990663
58369450664
58368910665
58368370666
58367830667
58367290668
58366750669
58366210670
58365670671
58365130672
58364590673
58364050674
58363510675
58362970676
58362430677
58361890678
58361350679
58360810680
58360270681
58359730682
58359190683
58358650684
58358110685
58357570686
58357030687
58356490688
58355950689
58355410690
58354870691
58354330692
58353790693
58353250694
58352710695
58352170696
58351630697
58351090698
58350550699
58350010700
58349470701
58348930702
58348390703
58347850704
58347310705
58346770706
58346230707
58345690708
58345150709
58344610710
58344070711
58343530712
58342990713
58342450714
58341910715
58341370716
58340830717
58340290718
58339750719
58339210720
58338670721
58338130722
58337590723
58337050724
58336510725
58335970726
58335430727
58334890728
58334350729
58333810730
58333270731
58332730732
58332190733
58331650734
58331110735
58330570736
58330030737
58329490738
58328950739
58328410740
58327870741
58327330742
58326790743
58326250744
58325710745
58325170746
58324630747
58324090748
58323550749
58323010750
58322470751
58321930752
58321390753
58320850754
58320310755
58319770756
58319230757
58318690758
58318150759
58317610760
58317070761
58316530762
58315990763
58315450764
58314910765
58314370766
58313830767
58313290768
58312750769
58312210770
58311670771
58311130772
58310590773
58310050774
58309510775
58308970776
58308430777
58307890778
58307350779
58306810780
58306270781
58305730782
58305190783
58304650784
58304110785
58303570786
58303030787
58302490788
58301950789
58301410790
58300870791
58300330792
58299790793
58299250794
58298710795
58298170796
58297630797
58297090798
58296550799
58296010800
58295470801
58294930802
58294390803
58293850804
58293310805
58292770806
58292230807
58291690808
58291150809
58290610810
58290070811
58289530812
58288990813
58288450814
58287910815
58287370816
58286830817
58286290818
58285750819
58285210820
58284670821
58284130822
58283590823
58283050824
58282510825
58281970826
58281430827
58280890828
58280350829
58279810830
58279270831
58278730832
58278190833
58277650834
58277110835
58276570836
58276030837
58275490838
58274950839
58274410840
58273870841
58273330842
58272790843
58272250844
58271710845
58271170846
58270630847
58270090848
58269550849
58269010850
58268470851
58267930852
58267390853
58266850854
58266310855
58265770856
58265230857
58264690858
58264150859
58263610860
58263070861
58262530862
58261990863
58261450864
58260910865
58260370866
58259830867
58259290868
58258750869
58258210870
58257670871
58257130872
58256590873
58256050874
58255510875
58254970876
58254430877
58253890878
58253350879
58252810880
58252270881
58251730882
58251190883
58250650884
58250110885
58249570886
58249030887
58248490888
58247950889
58247410890
58246870891
58246330892
58245790893
58245250894
58244710895
58244170896
58243630897
58243090898
58242550899
58242010900
58241470901
58240930902
58240390903
58239850904
58239310905
58238770906
58238230907
58237690908
58237150909
58236610910
58236070911
58235530912
58234990913
58234450914
58233910915
58233370916
58232830917
58232290918
58231750919
58231210920
58230670921
58230130922
58229590923
58229050924
58228510925
58227970926
58227430927
58226890928
58226350929
58225810930
58225270931
58224730932
58224190933
58223650934
58223110935
58222570936
58222030937
58221490938
58220950939
58220410940
58219870941
58219330942
58218790943
58218250944
58217710945
58217170946
58216630947
58216090948
58215550949
58215010950
58214470951
58213930952
58213390953
58212850954
58212310955
58211770956
58211230957
58210690958
58210150959
58209610960
58209070961
58208530962
58207990963
58207450964
58206910965
58206370966
58205830967
58205290968
58204750969
58204210970
58203670971
58203130972
58202590973
58202050974
58201510975
58200970976
58200430977
58199890978
58199350979
58198810980
58198270981
58197730982
58197190983
58196650984
58196110985
58195570986
58195030987
58194490988
58193950989
58193410990
58192870991
58192330992
58191790993
58191250994
58190710995
58190170996
58189630997
58189090998
58188550999
58188011000
58187471001
58186931002
58186391003
58185851004
58185311005
58184771006
58184231007
58183691008
58183151009
58182611010
58182071011
58181531012
58180991013
58180451014
58179911015
58179371016
58178831017
58178291018
58177751019
58177211020
58176671021
58176131022
58175591023
58175051024
58174511025
58173971026
58173431027
58172891028
58172351029
58171811030
58171271031
58170731032
58170191033
58169651034
58169111035
58168571036
58168031037
58167491038
58166951039
58166411040
58165871041
58165331042
58164791043
58164251044
58163711045
58163171046
58162631047
58162091048
58161551049
58161011050
58160471051
58159931052
58159391053
58158851054
58158311055
58157771056
58157231057
58156691058
58156151059
58155611060
58155071061
58154531062
58153991063
58153451064
58152911065
58152371066
58151831067
58151291068
58150751069
58150211070
58149671071
58149131072
58148591073
58148051074
58147511075
58146971076
58146431077
58145891078
58145351079
58144811080
58144271081
58143731082
58143191083
58142651084
58142111085
58141571086
58141031087
58140491088
58139951089
58139411090
58138871091
58138331092
58137791093
58137251094
58136711095
58136171096
58135631097
58135091098
58134551099
58134011100
58133471101
58132931102
58132391103
58131851104
58131311105
58130771106
58130231107
58129691108
58129151109
58128611110
58128071111
58127531112
58126991113
58126451114
58125911115
58125371116
58124831117
58124291118
58123751119
58123211120
58122671121
58122131122
58121591123
58121051124
58120511125
58119971126
58119431127
58118891128
58118351129
58117811130
58117271131
58116731132
58116191133
58115651134
58115111135
58114571136
58114031137
58113491138
58112951139
58112411140
58111871141
58111331142
58110791143
58110251144
58109711145
58109171146
58108631147
58108091148
58107551149
58107011150
58106471151
58105931152
58105391153
58104851154
58104311155
58103771156
58103231157
58102691158
58102151159
58101611160
58101071161
58100531162
58099991163
58099451164
58098911165
