59175918311
59175918312
59175918313
59175918314
59175918315
59175918316
59175918317
59175918318
59175918319
59175918320
59175918321
59175918322
59175918323
59175918324
59175918325
59175918326
59175918327
59175918328
59175918329
59175918330
59175918331
59175918332
59175918333
59175918334
59175918335
59175918336
59175918337
59175918338
59175918339
59175918340
59175918341
59175918342
59175918343
59175918344
59175918345
59175918346
59175918347
59175918348
59175918349
59175918350
59175918351
59175918352
59175918353
59175918354
59175918355
59175918356
59175918357
59175918358
59175918359
59175918360
59175918361
59175918362
59175918363
59175918364
59175918365
59175918366
59175918367
59175918368
59175918369
59175918370
59175918371
59175918372
59175918373
59175918374
59175918375
59175918376
59175918377
59175918378
59175918379
59175918380
59175918381
59175918382
59175918383
59175918384
59175918385
59175918386
59175918387
59175918388
59175918389
59175918390
59175918391
59175918392
59175918393
59175918394
59175918395
59175918396
59175918397
59175918398
59175918399
59175918400
59175918401
59175918402
59175918403
59175918404
59175918405
59175918406
59175918407
59175918408
59175918409
59175918410
59175918411
59175918412
59175918413
59175918414
59175918415
59175918416
59175918417
59175918418
59175918419
59175918420
59175918421
59175918422
59175918423
59175918424
59175918425
59175918426
59175918427
59175918428
59175918429
59175918430
59175918431
59175918432
59175918433
59175918434
59175918435
59175918436
59175918437
59175918438
59175918439
59175918440
59175918441
59175918442
59175918443
59175918444
59175918445
59175918446
59175918447
59175918448
59175918449
59175918450
59175918451
59175918452
59175918453
59175918454
59175918455
59175918456
59175918457
59175918458
59175918459
59175918460
59175918461
59175918462
59175918463
59175918464
59175918465
59175918466
59175918467
59175918468
59175918469
59175918470
59175918471
59175918472
59175918473
59175918474
59175918475
59175918476
59175918477
59175918478
59175918479
59175918480
59175918481
59175918482
59175918483
59175918484
59175918485
59175918486
59175918487
59175918488
59175918489
59175918490
59175918491
59175918492
59175918493
59175918494
59175918495
59175918496
59175918497
59175918498
59175918499
59175918500
59175918501
59175918502
59175918503
59175918504
59175918505
59175918506
59175918507
59175918508
59175918509
59175918510
59175918511
59175918512
59175918513
59175918514
59175918515
59175918516
59175918517
59175918518
59175918519
59175918520
59175918521
59175918522
59175918523
59175918524
59175918525
59175918526
59175918527
59175918528
59175918529
59175918530
59175918531
59175918532
59175918533
59175918534
59175918535
59175918536
59175918537
59175918538
59175918539
59175918540
59175918541
59175918542
59175918543
59175918544
59175918545
59175918546
59175918547
59175918548
59175918549
59175918550
59175918551
59175918552
59175918553
59175918554
59175918555
59175918556
59175918557
59175918558
59175918559
59175918560
59175918561
59175918562
59175918563
59175918564
59175918565
59175918566
59175918567
59175918568
59175918569
59175918570
59175918571
59175918572
59175918573
59175918574
59175918575
59175918576
59175918577
59175918578
59175918579
59175918580
59175918581
59175918582
59175918583
59175918584
59175918585
59175918586
59175918587
59175918588
59175918589
59175918590
59175918591
59175918592
59175918593
59175918594
59175918595
59175918596
59175918597
59175918598
59175918599
59175918600
59175918601
59175918602
59175918603
59175918604
59175918605
59175918606
59175918607
59175918608
59175918609
59175918610
59175918611
59175918612
59175918613
59175918614
59175918615
59175918616
59175918617
59175918618
59175918619
59175918620
59175918621
59175918622
59175918623
59175918624
59175918625
59175918626
59175918627
59175918628
59175918629
59175918630
59175918631
59175918632
59175918633
59175918634
59175918635
59175918636
59175918637
59175918638
59175918639
59175918640
59175918641
59175918642
59175918643
59175918644
59175918645
59175918646
59175918647
59175918648
59175918649
59175918650
59175918651
59175918652
59175918653
59175918654
59175918655
59175918656
59175918657
59175918658
59175918659
59175918660
59175918661
59175918662
59175918663
59175918664
59175918665
59175918666
59175918667
59175918668
59175918669
59175918670
59175918671
59175918672
59175918673
59175918674
59175918675
59175918676
59175918677
59175918678
59175918679
59175918680
59175918681
59175918682
59175918683
59175918684
59175918685
59175918686
59175918687
59175918688
59175918689
59175918690
59175918691
59175918692
59175918693
59175918694
59175918695
59175918696
59175918697
59175918698
59175918699
59175918700
59175918701
59175918702
59175918703
59175918704
59175918705
59175918706
59175918707
59175918708
59175918709
59175918710
59175918711
59175918712
59175918713
59175918714
59175918715
59175918716
59175918717
59175918718
59175918719
59175918720
59175918721
59175918722
59175918723
59175918724
59175918725
59175918726
59175918727
59175918728
59175918729
59175918730
59175918731
59175918732
59175918733
59175918734
59175918735
59175918736
59175918737
59175918738
59175918739
59175918740
59175918741
59175918742
59175918743
59175918744
59175918745
59175918746
59175918747
59175918748
59175918749
59175918750
59175918751
59175918752
59175918753
59175918754
59175918755
59175918756
59175918757
59175918758
59175918759
59175918760
59175918761
59175918762
59175918763
59175918764
59175918765
59175918766
59175918767
59175918768
59175918769
59175918770
59175918771
59175918772
59175918773
59175918774
59175918775
59175918776
59175918777
59175918778
59175918779
59175918780
59175918781
59175918782
59175918783
59175918784
59175918785
59175918786
59175918787
59175918788
59175918789
59175918790
59175918791
59175918792
59175918793
59175918794
59175918795
59175918796
59175918797
59175918798
59175918799
59175918800
59175918801
59175918802
59175918803
59175918804
59175918805
59175918806
59175918807
59175918808
59175918809
59175918810
59175918811
59175918812
59175918813
59175918814
59175918815
59175918816
59175918817
59175918818
59175918819
59175918820
59175918821
59175918822
59175918823
59175918824
59175918825
59175918826
59175918827
59175918828
59175918829
59175918830
59175918831
59175918832
59175918833
59175918834
59175918835
59175918836
59175918837
59175918838
59175918839
59175918840
59175918841
59175918842
59175918843
59175918844
59175918845
59175918846
59175918847
59175918848
59175918849
59175918850
59175918851
59175918852
59175918853
59175918854
59175918855
59175918856
59175918857
59175918858
59175918859
59175918860
59175918861
59175918862
59175918863
59175918864
59175918865
59175918866
59175918867
59175918868
59175918869
59175918870
59175918871
59175918872
59175918873
59175918874
59175918875
59175918876
59175918877
59175918878
59175918879
59175918880
59175918881
59175918882
59175918883
59175918884
59175918885
59175918886
59175918887
59175918888
59175918889
59175918890
59175918891
59175918892
59175918893
59175918894
59175918895
59175918896
59175918897
59175918898
59175918899
59175918900
59175918901
59175918902
59175918903
59175918904
59175918905
59175918906
59175918907
59175918908
59175918909
59175918910
59175918911
59175918912
59175918913
59175918914
59175918915
59175918916
59175918917
59175918918
59175918919
59175918920
59175918921
59175918922
59175918923
59175918924
59175918925
59175918926
59175918927
59175918928
59175918929
59175918930
59175918931
59175918932
59175918933
59175918934
59175918935
59175918936
59175918937
59175918938
59175918939
59175918940
59175918941
59175918942
59175918943
59175918944
59175918945
59175918946
59175918947
59175918948
59175918949
59175918950
59175918951
59175918952
59175918953
59175918954
59175918955
59175918956
59175918957
59175918958
59175918959
59175918960
59175918961
59175918962
59175918963
59175918964
59175918965
59175918966
59175918967
59175918968
59175918969
59175918970
59175918971
59175918972
59175918973
59175918974
59175918975
59175918976
59175918977
59175918978
59175918979
59175918980
59175918981
59175918982
59175918983
59175918984
59175918985
59175918986
59175918987
59175918988
59175918989
59175918990
59175918991
59175918992
59175918993
59175918994
59175918995
59175918996
59175918997
59175918998
59175918999
59175919000
59175919001
59175919002
59175919003
59175919004
59175919005
59175919006
59175919007
59175919008
59175919009
59175919010
59175919011
59175919012
59175919013
59175919014
59175919015
59175919016
59175919017
59175919018
59175919019
59175919020
59175919021
59175919022
59175919023
59175919024
59175919025
59175919026
59175919027
59175919028
59175919029
59175919030
59175919031
59175919032
59175919033
59175919034
59175919035
59175919036
59175919037
59175919038
59175919039
59175919040
59175919041
59175919042
59175919043
59175919044
59175919045
59175919046
59175919047
59175919048
59175919049
59175919050
59175919051
59175919052
59175919053
59175919054
59175919055
59175919056
59175919057
59175919058
59175919059
59175919060
59175919061
59175919062
59175919063
59175919064
59175919065
59175919066
59175919067
59175919068
59175919069
59175919070
59175919071
59175919072
59175919073
59175919074
59175919075
59175919076
59175919077
59175919078
59175919079
59175919080
59175919081
59175919082
59175919083
59175919084
59175919085
59175919086
59175919087
59175919088
59175919089
59175919090
59175919091
59175919092
59175919093
59175919094
59175919095
59175919096
59175919097
59175919098
59175919099
59175919100
59175919101
59175919102
59175919103
59175919104
59175919105
59175919106
59175919107
59175919108
59175919109
59175919110
59175919111
59175919112
59175919113
59175919114
59175919115
59175919116
59175919117
59175919118
59175919119
59175919120
59175919121
59175919122
59175919123
59175919124
59175919125
59175919126
59175919127
59175919128
59175919129
59175919130
59175919131
59175919132
59175919133
59175919134
59175919135
59175919136
59175919137
59175919138
59175919139
59175919140
59175919141
59175919142
59175919143
59175919144
59175919145
59175919146
59175919147
59175919148
59175919149
59175919150
59175919151
59175919152
59175919153
59175919154
59175919155
59175919156
59175919157
59175919158
59175919159
59175919160
59175919161
59175919162
59175919163
59175919164
59175919165
59175919166
59175919167
59175919168
59175919169
59175919170
59175919171
59175919172
59175919173
59175919174
59175919175
59175919176
59175919177
59175919178
59175919179
59175919180
59175919181
59175919182
59175919183
59175919184
59175919185
59175919186
59175919187
59175919188
59175919189
59175919190
59175919191
59175919192
59175919193
59175919194
59175919195
59175919196
59175919197
59175919198
59175919199
59175919200
59175919201
59175919202
59175919203
59175919204
59175919205
59175919206
59175919207
59175919208
59175919209
59175919210
59175919211
59175919212
59175919213
59175919214
59175919215
59175919216
59175919217
59175919218
59175919219
59175919220
59175919221
59175919222
59175919223
59175919224
59175919225
59175919226
59175919227
59175919228
59175919229
59175919230
59175919231
59175919232
59175919233
59175919234
59175919235
59175919236
59175919237
59175919238
59175919239
59175919240
59175919241
59175919242
59175919243
59175919244
59175919245
59175919246
59175919247
59175919248
59175919249
59175919250
59175919251
59175919252
59175919253
59175919254
59175919255
59175919256
59175919257
59175919258
59175919259
59175919260
59175919261
59175919262
59175919263
59175919264
59175919265
59175919266
59175919267
59175919268
59175919269
59175919270
59175919271
59175919272
59175919273
59175919274
59175919275
59175919276
59175919277
59175919278
59175919279
59175919280
59175919281
59175919282
59175919283
59175919284
59175919285
59175919286
59175919287
59175919288
59175919289
59175919290
59175919291
59175919292
59175919293
59175919294
59175919295
59175919296
59175919297
59175919298
59175919299
59175919300
59175919301
59175919302
59175919303
59175919304
59175919305
59175919306
59175919307
59175919308
59175919309
59175919310
59175919311
59175919312
59175919313
59175919314
59175919315
59175919316
59175919317
59175919318
59175919319
59175919320
59175919321
59175919322
59175919323
59175919324
59175919325
59175919326
59175919327
59175919328
59175919329
59175919330
59175919331
59175919332
59175919333
59175919334
59175919335
59175919336
59175919337
59175919338
59175919339
59175919340
59175919341
59175919342
59175919343
59175919344
59175919345
59175919346
59175919347
59175919348
59175919349
59175919350
59175919351
59175919352
59175919353
59175919354
59175919355
59175919356
59175919357
59175919358
59175919359
59175919360
59175919361
59175919362
59175919363
59175919364
59175919365
59175919366
59175919367
59175919368
59175919369
59175919370
59175919371
59175919372
59175919373
59175919374
59175919375
59175919376
59175919377
59175919378
59175919379
59175919380
59175919381
59175919382
59175919383
59175919384
59175919385
59175919386
59175919387
59175919388
59175919389
59175919390
59175919391
59175919392
59175919393
59175919394
59175919395
59175919396
59175919397
59175919398
59175919399
59175919400
59175919401
59175919402
59175919403
59175919404
59175919405
59175919406
59175919407
59175919408
59175919409
59175919410
59175919411
59175919412
59175919413
59175919414
59175919415
59175919416
59175919417
59175919418
59175919419
59175919420
59175919421
59175919422
59175919423
59175919424
59175919425
59175919426
59175919427
59175919428
59175919429
59175919430
59175919431
59175919432
59175919433
59175919434
59175919435
59175919436
59175919437
59175919438
59175919439
59175919440
59175919441
59175919442
59175919443
59175919444
59175919445
59175919446
59175919447
59175919448
59175919449
59175919450
59175919451
59175919452
59175919453
59175919454
59175919455
59175919456
59175919457
59175919458
59175919459
59175919460
59175919461
59175919462
59175919463
59175919464
59175919465
59175919466
59175919467
59175919468
59175919469
59175919470
59175919471
59175919472
59175919473
59175919474
59175919475
59175919476
59175919477
59175919478
59175919479
59175919480
59175919481
59175919482
59175919483
59175919484
59175919485
59175919486
59175919487
59175919488
59175919489
59175919490
59175919491
59175919492
59175919493
59175919494
59175919495
59175919496
59175919497
59175919498
59175919499
59175919500
59175919501
59175919502
59175919503
59175919504
59175919505
59175919506
59175919507
59175919508
59175919509
59175919510
59175919511
59175919512
59175919513
59175919514
59175919515
59175919516
59175919517
59175919518
59175919519
59175919520
59175919521
59175919522
59175919523
59175919524
59175919525
59175919526
59175919527
59175919528
59175919529
59175919530
59175919531
59175919532
59175919533
59175919534
59175919535
59175919536
59175919537
59175919538
59175919539
59175919540
59175919541
59175919542
59175919543
59175919544
59175919545
59175919546
59175919547
59175919548
59175919549
59175919550
59175919551
59175919552
59175919553
59175919554
59175919555
59175919556
59175919557
59175919558
59175919559
59175919560
59175919561
59175919562
59175919563
59175919564
59175919565
59175919566
59175919567
59175919568
59175919569
59175919570
59175919571
59175919572
59175919573
59175919574
59175919575
59175919576
59175919577
59175919578
59175919579
59175919580
59175919581
59175919582
59175919583
59175919584
59175919585
59175919586
59175919587
59175919588
59175919589
59175919590
59175919591
59175919592
59175919593
59175919594
59175919595
59175919596
59175919597
59175919598
59175919599
59175919600
59175919601
59175919602
59175919603
59175919604
59175919605
59175919606
59175919607
59175919608
59175919609
59175919610
59175919611
59175919612
59175919613
59175919614
59175919615
59175919616
59175919617
59175919618
59175919619
59175919620
59175919621
59175919622
59175919623
59175919624
59175919625
59175919626
59175919627
59175919628
59175919629
59175919630
59175919631
59175919632
59175919633
59175919634
59175919635
59175919636
59175919637
59175919638
59175919639
59175919640
59175919641
59175919642
59175919643
59175919644
59175919645
59175919646
59175919647
59175919648
59175919649
59175919650
59175919651
59175919652
59175919653
59175919654
59175919655
59175919656
59175919657
59175919658
59175919659
59175919660
59175919661
59175919662
59175919663
59175919664
59175919665
59175919666
59175919667
59175919668
59175919669
59175919670
59175919671
59175919672
59175919673
59175919674
59175919675
59175919676
59175919677
59175919678
59175919679
59175919680
59175919681
59175919682
59175919683
59175919684
59175919685
59175919686
59175919687
59175919688
59175919689
59175919690
59175919691
59175919692
59175919693
59175919694
59175919695
59175919696
59175919697
59175919698
59175919699
59175919700
59175919701
59175919702
59175919703
59175919704
59175919705
59175919706
59175919707
59175919708
59175919709
59175919710
59175919711
59175919712
59175919713
59175919714
59175919715
59175919716
59175919717
59175919718
59175919719
59175919720
59175919721
59175919722
59175919723
59175919724
59175919725
59175919726
59175919727
59175919728
59175919729
59175919730
59175919731
59175919732
59175919733
59175919734
59175919735
59175919736
59175919737
59175919738
59175919739
59175919740
59175919741
59175919742
59175919743
59175919744
59175919745
59175919746
59175919747
59175919748
59175919749
59175919750
59175919751
59175919752
59175919753
59175919754
59175919755
59175919756
59175919757
59175919758
59175919759
59175919760
59175919761
59175919762
59175919763
59175919764
59175919765
59175919766
59175919767
59175919768
59175919769
59175919770
59175919771
59175919772
59175919773
59175919774
59175919775
59175919776
59175919777
59175919778
59175919779
59175919780
59175919781
59175919782
59175919783
59175919784
59175919785
59175919786
59175919787
59175919788
59175919789
59175919790
59175919791
59175919792
59175919793
59175919794
59175919795
59175919796
59175919797
59175919798
59175919799
59175919800
59175919801
59175919802
59175919803
59175919804
59175919805
59175919806
59175919807
59175919808
59175919809
59175919810
59175919811
59175919812
59175919813
59175919814
59175919815
59175919816
59175919817
59175919818
59175919819
59175919820
59175919821
59175919822
59175919823
59175919824
59175919825
59175919826
59175919827
59175919828
59175919829
59175919830
59175919831
59175919832
59175919833
59175919834
59175919835
59175919836
59175919837
59175919838
59175919839
59175919840
59175919841
59175919842
59175919843
59175919844
59175919845
59175919846
59175919847
59175919848
59175919849
59175919850
59175919851
59175919852
59175919853
59175919854
59175919855
59175919856
59175919857
59175919858
59175919859
59175919860
59175919861
59175919862
59175919863
59175919864
59175919865
59175919866
59175919867
59175919868
59175919869
59175919870
59175919871
59175919872
59175919873
59175919874
59175919875
59175919876
59175919877
59175919878
59175919879
59175919880
59175919881
59175919882
59175919883
59175919884
59175919885
59175919886
59175919887
59175919888
59175919889
59175919890
59175919891
59175919892
59175919893
59175919894
59175919895
59175919896
59175919897
59175919898
59175919899
59175919900
59175919901
59175919902
59175919903
59175919904
59175919905
59175919906
59175919907
59175919908
59175919909
59175919910
59175919911
59175919912
59175919913
59175919914
59175919915
59175919916
59175919917
59175919918
59175919919
59175919920
59175919921
59175919922
59175919923
59175919924
59175919925
59175919926
59175919927
59175919928
59175919929
59175919930
59175919931
59175919932
59175919933
59175919934
59175919935
59175919936
59175919937
59175919938
59175919939
59175919940
59175919941
59175919942
59175919943
59175919944
59175919945
59175919946
59175919947
59175919948
59175919949
59175919950
59175919951
59175919952
59175919953
59175919954
59175919955
59175919956
59175919957
59175919958
59175919959
59175919960
59175919961
59175919962
59175919963
59175919964
59175919965
59175919966
59175919967
59175919968
59175919969
59175919970
59175919971
59175919972
59175919973
59175919974
59175919975
59175919976
59175919977
59175919978
59175919979
59175919980
59175919981
59175919982
59175919983
59175919984
59175919985
59175919986
59175919987
59175919988
59175919989
59175919990
59175919991
59175919992
59175919993
59175919994
59175919995
59175919996
59175919997
59175919998
59175919999
59175920000
59175920001
59175920002
59175920003
59175920004
59175920005
59175920006
59175920007
59175920008
59175920009
59175920010
59175920011
59175920012
59175920013
59175920014
59175920015
59175920016
59175920017
59175920018
59175920019
59175920020
59175920021
59175920022
59175920023
59175920024
59175920025
59175920026
59175920027
59175920028
59175920029
59175920030
59175920031
59175920032
59175920033
59175920034
59175920035
59175920036
59175920037
59175920038
59175920039
59175920040
59175920041
59175920042
59175920043
59175920044
59175920045
59175920046
59175920047
59175920048
59175920049
59175920050
59175920051
59175920052
59175920053
59175920054
59175920055
59175920056
59175920057
59175920058
59175920059
59175920060
59175920061
59175920062
59175920063
59175920064
59175920065
59175920066
59175920067
59175920068
59175920069
59175920070
59175920071
59175920072
59175920073
59175920074
59175920075
59175920076
59175920077
59175920078
59175920079
59175920080
59175920081
59175920082
59175920083
59175920084
59175920085
59175920086
59175920087
59175920088
59175920089
59175920090
59175920091
59175920092
59175920093
59175920094
59175920095
59175920096
59175920097
59175920098
59175920099
59175920100
59175920101
59175920102
59175920103
59175920104
59175920105
59175920106
59175920107
59175920108
59175920109
59175920110
59175920111
59175920112
59175920113
59175920114
59175920115
59175920116
59175920117
59175920118
59175920119
59175920120
59175920121
59175920122
59175920123
59175920124
59175920125
59175920126
59175920127
59175920128
59175920129
59175920130
59175920131
59175920132
59175920133
59175920134
59175920135
59175920136
59175920137
59175920138
59175920139
59175920140
59175920141
59175920142
59175920143
59175920144
59175920145
59175920146
59175920147
59175920148
59175920149
59175920150
59175920151
59175920152
59175920153
59175920154
59175920155
59175920156
59175920157
59175920158
59175920159
59175920160
59175920161
59175920162
59175920163
59175920164
59175920165
59175920166
59175920167
59175920168
59175920169
59175920170
59175920171
59175920172
59175920173
59175920174
59175920175
59175920176
59175920177
59175920178
59175920179
59175920180
59175920181
59175920182
59175920183
59175920184
59175920185
59175920186
59175920187
59175920188
59175920189
59175920190
59175920191
59175920192
59175920193
59175920194
59175920195
59175920196
59175920197
59175920198
59175920199
59175920200
59175920201
59175920202
59175920203
59175920204
59175920205
59175920206
59175920207
59175920208
59175920209
59175920210
59175920211
59175920212
59175920213
59175920214
59175920215
59175920216
59175920217
59175920218
59175920219
59175920220
59175920221
59175920222
59175920223
59175920224
59175920225
59175920226
59175920227
59175920228
59175920229
59175920230
59175920231
59175920232
59175920233
59175920234
59175920235
59175920236
59175920237
59175920238
59175920239
59175920240
59175920241
59175920242
59175920243
59175920244
59175920245
59175920246
59175920247
59175920248
59175920249
59175920250
59175920251
59175920252
59175920253
59175920254
59175920255
59175920256
59175920257
59175920258
59175920259
59175920260
59175920261
59175920262
59175920263
59175920264
59175920265
59175920266
59175920267
59175920268
59175920269
59175920270
59175920271
59175920272
59175920273
59175920274
59175920275
59175920276
59175920277
59175920278
59175920279
59175920280
59175920281
59175920282
59175920283
59175920284
59175920285
59175920286
59175920287
59175920288
59175920289
59175920290
59175920291
59175920292
59175920293
59175920294
59175920295
59175920296
59175920297
59175920298
59175920299
59175920300
59175920301
59175920302
59175920303
59175920304
59175920305
59175920306
59175920307
59175920308
59175920309
59175920310
