59177829167
59177289168
59176749169
59176209170
59175669171
59175129172
59174589173
59174049174
59173509175
59172969176
59172429177
59171889178
59171349179
59170809180
59170269181
59169729182
59169189183
59168649184
59168109185
59167569186
59167029187
59166489188
59165949189
59165409190
59164869191
59164329192
59163789193
59163249194
59162709195
59162169196
59161629197
59161089198
59160549199
59160009200
59159469201
59158929202
59158389203
59157849204
59157309205
59156769206
59156229207
59155689208
59155149209
59154609210
59154069211
59153529212
59152989213
59152449214
59151909215
59151369216
59150829217
59150289218
59149749219
59149209220
59148669221
59148129222
59147589223
59147049224
59146509225
59145969226
59145429227
59144889228
59144349229
59143809230
59143269231
59142729232
59142189233
59141649234
59141109235
59140569236
59140029237
59139489238
59138949239
59138409240
59137869241
59137329242
59136789243
59136249244
59135709245
59135169246
59134629247
59134089248
59133549249
59133009250
59132469251
59131929252
59131389253
59130849254
59130309255
59129769256
59129229257
59128689258
59128149259
59127609260
59127069261
59126529262
59125989263
59125449264
59124909265
59124369266
59123829267
59123289268
59122749269
59122209270
59121669271
59121129272
59120589273
59120049274
59119509275
59118969276
59118429277
59117889278
59117349279
59116809280
59116269281
59115729282
59115189283
59114649284
59114109285
59113569286
59113029287
59112489288
59111949289
59111409290
59110869291
59110329292
59109789293
59109249294
59108709295
59108169296
59107629297
59107089298
59106549299
59106009300
59105469301
59104929302
59104389303
59103849304
59103309305
59102769306
59102229307
59101689308
59101149309
59100609310
59100069311
59099529312
59098989313
59098449314
59097909315
59097369316
59096829317
59096289318
59095749319
59095209320
59094669321
59094129322
59093589323
59093049324
59092509325
59091969326
59091429327
59090889328
59090349329
59089809330
59089269331
59088729332
59088189333
59087649334
59087109335
59086569336
59086029337
59085489338
59084949339
59084409340
59083869341
59083329342
59082789343
59082249344
59081709345
59081169346
59080629347
59080089348
59079549349
59079009350
59078469351
59077929352
59077389353
59076849354
59076309355
59075769356
59075229357
59074689358
59074149359
59073609360
59073069361
59072529362
59071989363
59071449364
59070909365
59070369366
59069829367
59069289368
59068749369
59068209370
59067669371
59067129372
59066589373
59066049374
59065509375
59064969376
59064429377
59063889378
59063349379
59062809380
59062269381
59061729382
59061189383
59060649384
59060109385
59059569386
59059029387
59058489388
59057949389
59057409390
59056869391
59056329392
59055789393
59055249394
59054709395
59054169396
59053629397
59053089398
59052549399
59052009400
59051469401
59050929402
59050389403
59049849404
59049309405
59048769406
59048229407
59047689408
59047149409
59046609410
59046069411
59045529412
59044989413
59044449414
59043909415
59043369416
59042829417
59042289418
59041749419
59041209420
59040669421
59040129422
59039589423
59039049424
59038509425
59037969426
59037429427
59036889428
59036349429
59035809430
59035269431
59034729432
59034189433
59033649434
59033109435
59032569436
59032029437
59031489438
59030949439
59030409440
59029869441
59029329442
59028789443
59028249444
59027709445
59027169446
59026629447
59026089448
59025549449
59025009450
59024469451
59023929452
59023389453
59022849454
59022309455
59021769456
59021229457
59020689458
59020149459
59019609460
59019069461
59018529462
59017989463
59017449464
59016909465
59016369466
59015829467
59015289468
59014749469
59014209470
59013669471
59013129472
59012589473
59012049474
59011509475
59010969476
59010429477
59009889478
59009349479
59008809480
59008269481
59007729482
59007189483
59006649484
59006109485
59005569486
59005029487
59004489488
59003949489
59003409490
59002869491
59002329492
59001789493
59001249494
59000709495
59000169496
58999629497
58999089498
58998549499
58998009500
58997469501
58996929502
58996389503
58995849504
58995309505
58994769506
58994229507
58993689508
58993149509
58992609510
58992069511
58991529512
58990989513
58990449514
58989909515
58989369516
58988829517
58988289518
58987749519
58987209520
58986669521
58986129522
58985589523
58985049524
58984509525
58983969526
58983429527
58982889528
58982349529
58981809530
58981269531
58980729532
58980189533
58979649534
58979109535
58978569536
58978029537
58977489538
58976949539
58976409540
58975869541
58975329542
58974789543
58974249544
58973709545
58973169546
58972629547
58972089548
58971549549
58971009550
58970469551
58969929552
58969389553
58968849554
58968309555
58967769556
58967229557
58966689558
58966149559
58965609560
58965069561
58964529562
58963989563
58963449564
58962909565
58962369566
58961829567
58961289568
58960749569
58960209570
58959669571
58959129572
58958589573
58958049574
58957509575
58956969576
58956429577
58955889578
58955349579
58954809580
58954269581
58953729582
58953189583
58952649584
58952109585
58951569586
58951029587
58950489588
58949949589
58949409590
58948869591
58948329592
58947789593
58947249594
58946709595
58946169596
58945629597
58945089598
58944549599
58944009600
58943469601
58942929602
58942389603
58941849604
58941309605
58940769606
58940229607
58939689608
58939149609
58938609610
58938069611
58937529612
58936989613
58936449614
58935909615
58935369616
58934829617
58934289618
58933749619
58933209620
58932669621
58932129622
58931589623
58931049624
58930509625
58929969626
58929429627
58928889628
58928349629
58927809630
58927269631
58926729632
58926189633
58925649634
58925109635
58924569636
58924029637
58923489638
58922949639
58922409640
58921869641
58921329642
58920789643
58920249644
58919709645
58919169646
58918629647
58918089648
58917549649
58917009650
58916469651
58915929652
58915389653
58914849654
58914309655
58913769656
58913229657
58912689658
58912149659
58911609660
58911069661
58910529662
58909989663
58909449664
58908909665
58908369666
58907829667
58907289668
58906749669
58906209670
58905669671
58905129672
58904589673
58904049674
58903509675
58902969676
58902429677
58901889678
58901349679
58900809680
58900269681
58899729682
58899189683
58898649684
58898109685
58897569686
58897029687
58896489688
58895949689
58895409690
58894869691
58894329692
58893789693
58893249694
58892709695
58892169696
58891629697
58891089698
58890549699
58890009700
58889469701
58888929702
58888389703
58887849704
58887309705
58886769706
58886229707
58885689708
58885149709
58884609710
58884069711
58883529712
58882989713
58882449714
58881909715
58881369716
58880829717
58880289718
58879749719
58879209720
58878669721
58878129722
58877589723
58877049724
58876509725
58875969726
58875429727
58874889728
58874349729
58873809730
58873269731
58872729732
58872189733
58871649734
58871109735
58870569736
58870029737
58869489738
58868949739
58868409740
58867869741
58867329742
58866789743
58866249744
58865709745
58865169746
58864629747
58864089748
58863549749
58863009750
58862469751
58861929752
58861389753
58860849754
58860309755
58859769756
58859229757
58858689758
58858149759
58857609760
58857069761
58856529762
58855989763
58855449764
58854909765
58854369766
58853829767
58853289768
58852749769
58852209770
58851669771
58851129772
58850589773
58850049774
58849509775
58848969776
58848429777
58847889778
58847349779
58846809780
58846269781
58845729782
58845189783
58844649784
58844109785
58843569786
58843029787
58842489788
58841949789
58841409790
58840869791
58840329792
58839789793
58839249794
58838709795
58838169796
58837629797
58837089798
58836549799
58836009800
58835469801
58834929802
58834389803
58833849804
58833309805
58832769806
58832229807
58831689808
58831149809
58830609810
58830069811
58829529812
58828989813
58828449814
58827909815
58827369816
58826829817
58826289818
58825749819
58825209820
58824669821
58824129822
58823589823
58823049824
58822509825
58821969826
58821429827
58820889828
58820349829
58819809830
58819269831
58818729832
58818189833
58817649834
58817109835
58816569836
58816029837
58815489838
58814949839
58814409840
58813869841
58813329842
58812789843
58812249844
58811709845
58811169846
58810629847
58810089848
58809549849
58809009850
58808469851
58807929852
58807389853
58806849854
58806309855
58805769856
58805229857
58804689858
58804149859
58803609860
58803069861
58802529862
58801989863
58801449864
58800909865
58800369866
58799829867
58799289868
58798749869
58798209870
58797669871
58797129872
58796589873
58796049874
58795509875
58794969876
58794429877
58793889878
58793349879
58792809880
58792269881
58791729882
58791189883
58790649884
58790109885
58789569886
58789029887
58788489888
58787949889
58787409890
58786869891
58786329892
58785789893
58785249894
58784709895
58784169896
58783629897
58783089898
58782549899
58782009900
58781469901
58780929902
58780389903
58779849904
58779309905
58778769906
58778229907
58777689908
58777149909
58776609910
58776069911
58775529912
58774989913
58774449914
58773909915
58773369916
58772829917
58772289918
58771749919
58771209920
58770669921
58770129922
58769589923
58769049924
58768509925
58767969926
58767429927
58766889928
58766349929
58765809930
58765269931
58764729932
58764189933
58763649934
58763109935
58762569936
58762029937
58761489938
58760949939
58760409940
58759869941
58759329942
58758789943
58758249944
58757709945
58757169946
58756629947
58756089948
58755549949
58755009950
58754469951
58753929952
58753389953
58752849954
58752309955
58751769956
58751229957
58750689958
58750149959
58749609960
58749069961
58748529962
58747989963
58747449964
58746909965
58746369966
58745829967
58745289968
58744749969
58744209970
58743669971
58743129972
58742589973
58742049974
58741509975
58740969976
58740429977
58739889978
58739349979
58738809980
58738269981
58737729982
58737189983
58736649984
58736109985
58735569986
58735029987
58734489988
58733949989
58733409990
58732869991
58732329992
58731789993
58731249994
58730709995
58730169996
58729629997
58729089998
58728549999
58728010000
58727470001
58726930002
58726390003
58725850004
58725310005
58724770006
58724230007
58723690008
58723150009
58722610010
58722070011
58721530012
58720990013
58720450014
58719910015
58719370016
58718830017
58718290018
58717750019
58717210020
58716670021
58716130022
58715590023
58715050024
58714510025
58713970026
58713430027
58712890028
58712350029
58711810030
58711270031
58710730032
58710190033
58709650034
58709110035
58708570036
58708030037
58707490038
58706950039
58706410040
58705870041
58705330042
58704790043
58704250044
58703710045
58703170046
58702630047
58702090048
58701550049
58701010050
58700470051
58699930052
58699390053
58698850054
58698310055
58697770056
58697230057
58696690058
58696150059
58695610060
58695070061
58694530062
58693990063
58693450064
58692910065
58692370066
58691830067
58691290068
58690750069
58690210070
58689670071
58689130072
58688590073
58688050074
58687510075
58686970076
58686430077
58685890078
58685350079
58684810080
58684270081
58683730082
58683190083
58682650084
58682110085
58681570086
58681030087
58680490088
58679950089
58679410090
58678870091
58678330092
58677790093
58677250094
58676710095
58676170096
58675630097
58675090098
58674550099
58674010100
58673470101
58672930102
58672390103
58671850104
58671310105
58670770106
58670230107
58669690108
58669150109
58668610110
58668070111
58667530112
58666990113
58666450114
58665910115
58665370116
58664830117
58664290118
58663750119
58663210120
58662670121
58662130122
58661590123
58661050124
58660510125
58659970126
58659430127
58658890128
58658350129
58657810130
58657270131
58656730132
58656190133
58655650134
58655110135
58654570136
58654030137
58653490138
58652950139
58652410140
58651870141
58651330142
58650790143
58650250144
58649710145
58649170146
58648630147
58648090148
58647550149
58647010150
58646470151
58645930152
58645390153
58644850154
58644310155
58643770156
58643230157
58642690158
58642150159
58641610160
58641070161
58640530162
58639990163
58639450164
58638910165
58638370166
