
59175917273
59175917274
59175917275
59175917276
59175917277
59175917278
59175917279
59175917280
59175917281
59175917282
59175917283
59175917284
59175917285
59175917286
59175917287
59175917288
59175917289
59175917290
59175917291
59175917292
59175917293
59175917294
59175917295
59175917296
59175917297
59175917298
59175917299
59175917300
59175917301
59175917302
59175917303
59175917304
59175917305
59175917306
59175917307
59175917308
59175917309
59175917310
59175917311
59175917312
59175917313
59175917314
59175917315
59175917316
59175917317
59175917318
59175917319
59175917320
59175917321
59175917322
59175917323
59175917324
59175917325
59175917326
59175917327
59175917328
59175917329
59175917330
59175917331
59175917332
59175917333
59175917334
59175917335
59175917336
59175917337
59175917338
59175917339
59175917340
59175917341
59175917342
59175917343
59175917344
59175917345
59175917346
59175917347
59175917348
59175917349
59175917350
59175917351
59175917352
59175917353
59175917354
59175917355
59175917356
59175917357
59175917358
59175917359
59175917360
59175917361
59175917362
59175917363
59175917364
59175917365
59175917366
59175917367
59175917368
59175917369
59175917370
59175917371
59175917372
59175917373
59175917374
59175917375
59175917376
59175917377
59175917378
59175917379
59175917380
59175917381
59175917382
59175917383
59175917384
59175917385
59175917386
59175917387
59175917388
59175917389
59175917390
59175917391
59175917392
59175917393
59175917394
59175917395
59175917396
59175917397
59175917398
59175917399
59175917400
59175917401
59175917402
59175917403
59175917404
59175917405
59175917406
59175917407
59175917408
59175917409
59175917410
59175917411
59175917412
59175917413
59175917414
59175917415
59175917416
59175917417
59175917418
59175917419
59175917420
59175917421
59175917422
59175917423
59175917424
59175917425
59175917426
59175917427
59175917428
59175917429
59175917430
59175917431
59175917432
59175917433
59175917434
59175917435
59175917436
59175917437
59175917438
59175917439
59175917440
59175917441
59175917442
59175917443
59175917444
59175917445
59175917446
59175917447
59175917448
59175917449
59175917450
59175917451
59175917452
59175917453
59175917454
59175917455
59175917456
59175917457
59175917458
59175917459
59175917460
59175917461
59175917462
59175917463
59175917464
59175917465
59175917466
59175917467
59175917468
59175917469
59175917470
59175917471
59175917472
59175917473
59175917474
59175917475
59175917476
59175917477
59175917478
59175917479
59175917480
59175917481
59175917482
59175917483
59175917484
59175917485
59175917486
59175917487
59175917488
59175917489
59175917490
59175917491
59175917492
59175917493
59175917494
59175917495
59175917496
59175917497
59175917498
59175917499
59175917500
59175917501
59175917502
59175917503
59175917504
59175917505
59175917506
59175917507
59175917508
59175917509
59175917510
59175917511
59175917512
59175917513
59175917514
59175917515
59175917516
59175917517
59175917518
59175917519
59175917520
59175917521
59175917522
59175917523
59175917524
59175917525
59175917526
59175917527
59175917528
59175917529
59175917530
59175917531
59175917532
59175917533
59175917534
59175917535
59175917536
59175917537
59175917538
59175917539
59175917540
59175917541
59175917542
59175917543
59175917544
59175917545
59175917546
59175917547
59175917548
59175917549
59175917550
59175917551
59175917552
59175917553
59175917554
59175917555
59175917556
59175917557
59175917558
59175917559
59175917560
59175917561
59175917562
59175917563
59175917564
59175917565
59175917566
59175917567
59175917568
59175917569
59175917570
59175917571
59175917572
59175917573
59175917574
59175917575
59175917576
59175917577
59175917578
59175917579
59175917580
59175917581
59175917582
59175917583
59175917584
59175917585
59175917586
59175917587
59175917588
59175917589
59175917590
59175917591
59175917592
59175917593
59175917594
59175917595
59175917596
59175917597
59175917598
59175917599
59175917600
59175917601
59175917602
59175917603
59175917604
59175917605
59175917606
59175917607
59175917608
59175917609
59175917610
59175917611
59175917612
59175917613
59175917614
59175917615
59175917616
59175917617
59175917618
59175917619
59175917620
59175917621
59175917622
59175917623
59175917624
59175917625
59175917626
59175917627
59175917628
59175917629
59175917630
59175917631
59175917632
59175917633
59175917634
59175917635
59175917636
59175917637
59175917638
59175917639
59175917640
59175917641
59175917642
59175917643
59175917644
59175917645
59175917646
59175917647
59175917648
59175917649
59175917650
59175917651
59175917652
59175917653
59175917654
59175917655
59175917656
59175917657
59175917658
59175917659
59175917660
59175917661
59175917662
59175917663
59175917664
59175917665
59175917666
59175917667
59175917668
59175917669
59175917670
59175917671
59175917672
59175917673
59175917674
59175917675
59175917676
59175917677
59175917678
59175917679
59175917680
59175917681
59175917682
59175917683
59175917684
59175917685
59175917686
59175917687
59175917688
59175917689
59175917690
59175917691
59175917692
59175917693
59175917694
59175917695
59175917696
59175917697
59175917698
59175917699
59175917700
59175917701
59175917702
59175917703
59175917704
59175917705
59175917706
59175917707
59175917708
59175917709
59175917710
59175917711
59175917712
59175917713
59175917714
59175917715
59175917716
59175917717
59175917718
59175917719
59175917720
59175917721
59175917722
59175917723
59175917724
59175917725
59175917726
59175917727
59175917728
59175917729
59175917730
59175917731
59175917732
59175917733
59175917734
59175917735
59175917736
59175917737
59175917738
59175917739
59175917740
59175917741
59175917742
59175917743
59175917744
59175917745
59175917746
59175917747
59175917748
59175917749
59175917750
59175917751
59175917752
59175917753
59175917754
59175917755
59175917756
59175917757
59175917758
59175917759
59175917760
59175917761
59175917762
59175917763
59175917764
59175917765
59175917766
59175917767
59175917768
59175917769
59175917770
59175917771
59175917772
59175917773
59175917774
59175917775
59175917776
59175917777
59175917778
59175917779
59175917780
59175917781
59175917782
59175917783
59175917784
59175917785
59175917786
59175917787
59175917788
59175917789
59175917790
59175917791
59175917792
59175917793
59175917794
59175917795
59175917796
59175917797
59175917798
59175917799
59175917800
59175917801
59175917802
59175917803
59175917804
59175917805
59175917806
59175917807
59175917808
59175917809
59175917810
59175917811
59175917812
59175917813
59175917814
59175917815
59175917816
59175917817
59175917818
59175917819
59175917820
59175917821
59175917822
59175917823
59175917824
59175917825
59175917826
59175917827
59175917828
59175917829
59175917830
59175917831
59175917832
59175917833
59175917834
59175917835
59175917836
59175917837
59175917838
59175917839
59175917840
59175917841
59175917842
59175917843
59175917844
59175917845
59175917846
59175917847
59175917848
59175917849
59175917850
59175917851
59175917852
59175917853
59175917854
59175917855
59175917856
59175917857
59175917858
59175917859
59175917860
59175917861
59175917862
59175917863
59175917864
59175917865
59175917866
59175917867
59175917868
59175917869
59175917870
59175917871
59175917872
59175917873
59175917874
59175917875
59175917876
59175917877
59175917878
59175917879
59175917880
59175917881
59175917882
59175917883
59175917884
59175917885
59175917886
59175917887
59175917888
59175917889
59175917890
59175917891
59175917892
59175917893
59175917894
59175917895
59175917896
59175917897
59175917898
59175917899
59175917900
59175917901
59175917902
59175917903
59175917904
59175917905
59175917906
59175917907
59175917908
59175917909
59175917910
59175917911
59175917912
59175917913
59175917914
59175917915
59175917916
59175917917
59175917918
59175917919
59175917920
59175917921
59175917922
59175917923
59175917924
59175917925
59175917926
59175917927
59175917928
59175917929
59175917930
59175917931
59175917932
59175917933
59175917934
59175917935
59175917936
59175917937
59175917938
59175917939
59175917940
59175917941
59175917942
59175917943
59175917944
59175917945
59175917946
59175917947
59175917948
59175917949
59175917950
59175917951
59175917952
59175917953
59175917954
59175917955
59175917956
59175917957
59175917958
59175917959
59175917960
59175917961
59175917962
59175917963
59175917964
59175917965
59175917966
59175917967
59175917968
59175917969
59175917970
59175917971
59175917972
59175917973
59175917974
59175917975
59175917976
59175917977
59175917978
59175917979
59175917980
59175917981
59175917982
59175917983
59175917984
59175917985
59175917986
59175917987
59175917988
59175917989
59175917990
59175917991
59175917992
59175917993
59175917994
59175917995
59175917996
59175917997
59175917998
59175917999
59175918000
59175918001
59175918002
59175918003
59175918004
59175918005
59175918006
59175918007
59175918008
59175918009
59175918010
59175918011
59175918012
59175918013
59175918014
59175918015
59175918016
59175918017
59175918018
59175918019
59175918020
59175918021
59175918022
59175918023
59175918024
59175918025
59175918026
59175918027
59175918028
59175918029
59175918030
59175918031
59175918032
59175918033
59175918034
59175918035
59175918036
59175918037
59175918038
59175918039
59175918040
59175918041
59175918042
59175918043
59175918044
59175918045
59175918046
59175918047
59175918048
59175918049
59175918050
59175918051
59175918052
59175918053
59175918054
59175918055
59175918056
59175918057
59175918058
59175918059
59175918060
59175918061
59175918062
59175918063
59175918064
59175918065
59175918066
59175918067
59175918068
59175918069
59175918070
59175918071
59175918072
59175918073
59175918074
59175918075
59175918076
59175918077
59175918078
59175918079
59175918080
59175918081
59175918082
59175918083
59175918084
59175918085
59175918086
59175918087
59175918088
59175918089
59175918090
59175918091
59175918092
59175918093
59175918094
59175918095
59175918096
59175918097
59175918098
59175918099
59175918100
59175918101
59175918102
59175918103
59175918104
59175918105
59175918106
59175918107
59175918108
59175918109
59175918110
59175918111
59175918112
59175918113
59175918114
59175918115
59175918116
59175918117
59175918118
59175918119
59175918120
59175918121
59175918122
59175918123
59175918124
59175918125
59175918126
59175918127
59175918128
59175918129
59175918130
59175918131
59175918132
59175918133
59175918134
59175918135
59175918136
59175918137
59175918138
59175918139
59175918140
59175918141
59175918142
59175918143
59175918144
59175918145
59175918146
59175918147
59175918148
59175918149
59175918150
59175918151
59175918152
59175918153
59175918154
59175918155
59175918156
59175918157
59175918158
59175918159
59175918160
59175918161
59175918162
59175918163
59175918164
59175918165
59175918166
59175918167
59175918168
59175918169
59175918170
59175918171
59175918172
59175918173
59175918174
59175918175
59175918176
59175918177
59175918178
59175918179
59175918180
59175918181
59175918182
59175918183
59175918184
59175918185
59175918186
59175918187
59175918188
59175918189
59175918190
59175918191
59175918192
59175918193
59175918194
59175918195
59175918196
59175918197
59175918198
59175918199
59175918200
59175918201
59175918202
59175918203
59175918204
59175918205
59175918206
59175918207
59175918208
59175918209
59175918210
59175918211
59175918212
59175918213
59175918214
59175918215
59175918216
59175918217
59175918218
59175918219
59175918220
59175918221
59175918222
59175918223
59175918224
59175918225
59175918226
59175918227
59175918228
59175918229
59175918230
59175918231
59175918232
59175918233
59175918234
59175918235
59175918236
59175918237
59175918238
59175918239
59175918240
59175918241
59175918242
59175918243
59175918244
59175918245
59175918246
59175918247
59175918248
59175918249
59175918250
59175918251
59175918252
59175918253
59175918254
59175918255
59175918256
59175918257
59175918258
59175918259
59175918260
59175918261
59175918262
59175918263
59175918264
59175918265
59175918266
59175918267
59175918268
59175918269
59175918270
59175918271
59175918272
59175918273
59175918274
59175918275
59175918276
59175918277
59175918278
59175918279
59175918280
59175918281
59175918282
59175918283
59175918284
59175918285
59175918286
59175918287
59175918288
59175918289
59175918290
59175918291
59175918292
59175918293
59175918294
59175918295
59175918296
59175918297
59175918298
59175918299
59175918300
59175918301
59175918302
59175918303
59175918304
59175918305
59175918306
59175918307
59175918308
59175918309
59175918310
