59177834781
59177834782
59177834783
59177834784
59177834785
59177834786
59177834787
59177834788
59177834789
59177834790
59177834791
59177834792
59177834793
59177834794
59177834795
59177834796
59177834797
59177834798
59177834799
59177834800
59177834801
59177834802
59177834803
59177834804
59177834805
59177834806
59177834807
59177834808
59177834809
59177834810
59177834811
59177834812
59177834813
59177834814
59177834815
59177834816
59177834817
59177834818
59177834819
59177834820
59177834821
59177834822
59177834823
59177834824
59177834825
59177834826
59177834827
59177834828
59177834829
59177834830
59177834831
59177834832
59177834833
59177834834
59177834835
59177834836
59177834837
59177834838
59177834839
59177834840
59177834841
59177834842
59177834843
59177834844
59177834845
59177834846
59177834847
59177834848
59177834849
59177834850
59177834851
59177834852
59177834853
59177834854
59177834855
59177834856
59177834857
59177834858
59177834859
59177834860
59177834861
59177834862
59177834863
59177834864
59177834865
59177834866
59177834867
59177834868
59177834869
59177834870
59177834871
59177834872
59177834873
59177834874
59177834875
59177834876
59177834877
59177834878
59177834879
59177834880
59177834881
59177834882
59177834883
59177834884
59177834885
59177834886
59177834887
59177834888
59177834889
59177834890
59177834891
59177834892
59177834893
59177834894
59177834895
59177834896
59177834897
59177834898
59177834899
59177834900
59177834901
59177834902
59177834903
59177834904
59177834905
59177834906
59177834907
59177834908
59177834909
59177834910
59177834911
59177834912
59177834913
59177834914
59177834915
59177834916
59177834917
59177834918
59177834919
59177834920
59177834921
59177834922
59177834923
59177834924
59177834925
59177834926
59177834927
59177834928
59177834929
59177834930
59177834931
59177834932
59177834933
59177834934
59177834935
59177834936
59177834937
59177834938
59177834939
59177834940
59177834941
59177834942
59177834943
59177834944
59177834945
59177834946
59177834947
59177834948
59177834949
59177834950
59177834951
59177834952
59177834953
59177834954
59177834955
59177834956
59177834957
59177834958
59177834959
59177834960
59177834961
59177834962
59177834963
59177834964
59177834965
59177834966
59177834967
59177834968
59177834969
59177834970
59177834971
59177834972
59177834973
59177834974
59177834975
59177834976
59177834977
59177834978
59177834979
59177834980
59177834981
59177834982
59177834983
59177834984
59177834985
59177834986
59177834987
59177834988
59177834989
59177834990
59177834991
59177834992
59177834993
59177834994
59177834995
59177834996
59177834997
59177834998
59177834999
59177835000
59177835001
59177835002
59177835003
59177835004
59177835005
59177835006
59177835007
59177835008
59177835009
59177835010
59177835011
59177835012
59177835013
59177835014
59177835015
59177835016
59177835017
59177835018
59177835019
59177835020
59177835021
59177835022
59177835023
59177835024
59177835025
59177835026
59177835027
59177835028
59177835029
59177835030
59177835031
59177835032
59177835033
59177835034
59177835035
59177835036
59177835037
59177835038
59177835039
59177835040
59177835041
59177835042
59177835043
59177835044
59177835045
59177835046
59177835047
59177835048
59177835049
59177835050
59177835051
59177835052
59177835053
59177835054
59177835055
59177835056
59177835057
59177835058
59177835059
59177835060
59177835061
59177835062
59177835063
59177835064
59177835065
59177835066
59177835067
59177835068
59177835069
59177835070
59177835071
59177835072
59177835073
59177835074
59177835075
59177835076
59177835077
59177835078
59177835079
59177835080
59177835081
59177835082
59177835083
59177835084
59177835085
59177835086
59177835087
59177835088
59177835089
59177835090
59177835091
59177835092
59177835093
59177835094
59177835095
59177835096
59177835097
59177835098
59177835099
59177835100
59177835101
59177835102
59177835103
59177835104
59177835105
59177835106
59177835107
59177835108
59177835109
59177835110
59177835111
59177835112
59177835113
59177835114
59177835115
59177835116
59177835117
59177835118
59177835119
59177835120
59177835121
59177835122
59177835123
59177835124
59177835125
59177835126
59177835127
59177835128
59177835129
59177835130
59177835131
59177835132
59177835133
59177835134
59177835135
59177835136
59177835137
59177835138
59177835139
59177835140
59177835141
59177835142
59177835143
59177835144
59177835145
59177835146
59177835147
59177835148
59177835149
59177835150
59177835151
59177835152
59177835153
59177835154
59177835155
59177835156
59177835157
59177835158
59177835159
59177835160
59177835161
59177835162
59177835163
59177835164
59177835165
59177835166
59177835167
59177835168
59177835169
59177835170
59177835171
59177835172
59177835173
59177835174
59177835175
59177835176
59177835177
59177835178
59177835179
59177835180
59177835181
59177835182
59177835183
59177835184
59177835185
59177835186
59177835187
59177835188
59177835189
59177835190
59177835191
59177835192
59177835193
59177835194
59177835195
59177835196
59177835197
59177835198
59177835199
59177835200
59177835201
59177835202
59177835203
59177835204
59177835205
59177835206
59177835207
59177835208
59177835209
59177835210
59177835211
59177835212
59177835213
59177835214
59177835215
59177835216
59177835217
59177835218
59177835219
59177835220
59177835221
59177835222
59177835223
59177835224
59177835225
59177835226
59177835227
59177835228
59177835229
59177835230
59177835231
59177835232
59177835233
59177835234
59177835235
59177835236
59177835237
59177835238
59177835239
59177835240
59177835241
59177835242
59177835243
59177835244
59177835245
59177835246
59177835247
59177835248
59177835249
59177835250
59177835251
59177835252
59177835253
59177835254
59177835255
59177835256
59177835257
59177835258
59177835259
59177835260
59177835261
59177835262
59177835263
59177835264
59177835265
59177835266
59177835267
59177835268
59177835269
59177835270
59177835271
59177835272
59177835273
59177835274
59177835275
59177835276
59177835277
59177835278
59177835279
59177835280
59177835281
59177835282
59177835283
59177835284
59177835285
59177835286
59177835287
59177835288
59177835289
59177835290
59177835291
59177835292
59177835293
59177835294
59177835295
59177835296
59177835297
59177835298
59177835299
59177835300
59177835301
59177835302
59177835303
59177835304
59177835305
59177835306
59177835307
59177835308
59177835309
59177835310
59177835311
59177835312
59177835313
59177835314
59177835315
59177835316
59177835317
59177835318
59177835319
59177835320
59177835321
59177835322
59177835323
59177835324
59177835325
59177835326
59177835327
59177835328
59177835329
59177835330
59177835331
59177835332
59177835333
59177835334
59177835335
59177835336
59177835337
59177835338
59177835339
59177835340
59177835341
59177835342
59177835343
59177835344
59177835345
59177835346
59177835347
59177835348
59177835349
59177835350
59177835351
59177835352
59177835353
59177835354
59177835355
59177835356
59177835357
59177835358
59177835359
59177835360
59177835361
59177835362
59177835363
59177835364
59177835365
59177835366
59177835367
59177835368
59177835369
59177835370
59177835371
59177835372
59177835373
59177835374
59177835375
59177835376
59177835377
59177835378
59177835379
59177835380
59177835381
59177835382
59177835383
59177835384
59177835385
59177835386
59177835387
59177835388
59177835389
59177835390
59177835391
59177835392
59177835393
59177835394
59177835395
59177835396
59177835397
59177835398
59177835399
59177835400
59177835401
59177835402
59177835403
59177835404
59177835405
59177835406
59177835407
59177835408
59177835409
59177835410
59177835411
59177835412
59177835413
59177835414
59177835415
59177835416
59177835417
59177835418
59177835419
59177835420
59177835421
59177835422
59177835423
59177835424
59177835425
59177835426
59177835427
59177835428
59177835429
59177835430
59177835431
59177835432
59177835433
59177835434
59177835435
59177835436
59177835437
59177835438
59177835439
59177835440
59177835441
59177835442
59177835443
59177835444
59177835445
59177835446
59177835447
59177835448
59177835449
59177835450
59177835451
59177835452
59177835453
59177835454
59177835455
59177835456
59177835457
59177835458
59177835459
59177835460
59177835461
59177835462
59177835463
59177835464
59177835465
59177835466
59177835467
59177835468
59177835469
59177835470
59177835471
59177835472
59177835473
59177835474
59177835475
59177835476
59177835477
59177835478
59177835479
59177835480
59177835481
59177835482
59177835483
59177835484
59177835485
59177835486
59177835487
59177835488
59177835489
59177835490
59177835491
59177835492
59177835493
59177835494
59177835495
59177835496
59177835497
59177835498
59177835499
59177835500
59177835501
59177835502
59177835503
59177835504
59177835505
59177835506
59177835507
59177835508
59177835509
59177835510
59177835511
59177835512
59177835513
59177835514
59177835515
59177835516
59177835517
59177835518
59177835519
59177835520
59177835521
59177835522
59177835523
59177835524
59177835525
59177835526
59177835527
59177835528
59177835529
59177835530
59177835531
59177835532
59177835533
59177835534
59177835535
59177835536
59177835537
59177835538
59177835539
59177835540
59177835541
59177835542
59177835543
59177835544
59177835545
59177835546
59177835547
59177835548
59177835549
59177835550
59177835551
59177835552
59177835553
59177835554
59177835555
59177835556
59177835557
59177835558
59177835559
59177835560
59177835561
59177835562
59177835563
59177835564
59177835565
59177835566
59177835567
59177835568
59177835569
59177835570
59177835571
59177835572
59177835573
59177835574
59177835575
59177835576
59177835577
59177835578
59177835579
59177835580
59177835581
59177835582
59177835583
59177835584
59177835585
59177835586
59177835587
59177835588
59177835589
59177835590
59177835591
59177835592
59177835593
59177835594
59177835595
59177835596
59177835597
59177835598
59177835599
59177835600
59177835601
59177835602
59177835603
59177835604
59177835605
59177835606
59177835607
59177835608
59177835609
59177835610
59177835611
59177835612
59177835613
59177835614
59177835615
59177835616
59177835617
59177835618
59177835619
59177835620
59177835621
59177835622
59177835623
59177835624
59177835625
59177835626
59177835627
59177835628
59177835629
59177835630
59177835631
59177835632
59177835633
59177835634
59177835635
59177835636
59177835637
59177835638
59177835639
59177835640
59177835641
59177835642
59177835643
59177835644
59177835645
59177835646
59177835647
59177835648
59177835649
59177835650
59177835651
59177835652
59177835653
59177835654
59177835655
59177835656
59177835657
59177835658
59177835659
59177835660
59177835661
59177835662
59177835663
59177835664
59177835665
59177835666
59177835667
59177835668
59177835669
59177835670
59177835671
59177835672
59177835673
59177835674
59177835675
59177835676
59177835677
59177835678
59177835679
59177835680
59177835681
59177835682
59177835683
59177835684
59177835685
59177835686
59177835687
59177835688
59177835689
59177835690
59177835691
59177835692
59177835693
59177835694
59177835695
59177835696
59177835697
59177835698
59177835699
59177835700
59177835701
59177835702
59177835703
59177835704
59177835705
59177835706
59177835707
59177835708
59177835709
59177835710
59177835711
59177835712
59177835713
59177835714
59177835715
59177835716
59177835717
59177835718
59177835719
59177835720
59177835721
59177835722
59177835723
59177835724
59177835725
59177835726
59177835727
59177835728
59177835729
59177835730
59177835731
59177835732
59177835733
59177835734
59177835735
59177835736
59177835737
59177835738
59177835739
59177835740
59177835741
59177835742
59177835743
59177835744
59177835745
59177835746
59177835747
59177835748
59177835749
59177835750
59177835751
59177835752
59177835753
59177835754
59177835755
59177835756
59177835757
59177835758
59177835759
59177835760
59177835761
59177835762
59177835763
59177835764
59177835765
59177835766
59177835767
59177835768
59177835769
59177835770
59177835771
59177835772
59177835773
59177835774
59177835775
59177835776
59177835777
59177835778
59177835779
59177835780
59177835781
59177835782
59177835783
59177835784
59177835785
59177835786
59177835787
59177835788
59177835789
59177835790
59177835791
59177835792
59177835793
59177835794
59177835795
59177835796
59177835797
59177835798
59177835799
59177835800
59177835801
59177835802
59177835803
59177835804
59177835805
59177835806
59177835807
59177835808
59177835809
59177835810
59177835811
59177835812
59177835813
59177835814
59177835815
59177835816
59177835817
59177835818
59177835819
59177835820
59177835821
59177835822
59177835823
59177835824
59177835825
59177835826
59177835827
59177835828
59177835829
59177835830
59177835831
59177835832
59177835833
59177835834
59177835835
59177835836
59177835837
59177835838
59177835839
59177835840
59177835841
59177835842
59177835843
59177835844
59177835845
59177835846
59177835847
59177835848
59177835849
59177835850
59177835851
59177835852
59177835853
59177835854
59177835855
59177835856
59177835857
59177835858
59177835859
59177835860
59177835861
59177835862
59177835863
59177835864
59177835865
59177835866
59177835867
59177835868
59177835869
59177835870
59177835871
59177835872
59177835873
59177835874
59177835875
59177835876
59177835877
59177835878
59177835879
59177835880
59177835881
59177835882
59177835883
59177835884
59177835885
59177835886
59177835887
59177835888
59177835889
59177835890
59177835891
59177835892
59177835893
59177835894
59177835895
59177835896
59177835897
59177835898
59177835899
59177835900
59177835901
59177835902
59177835903
59177835904
59177835905
59177835906
59177835907
59177835908
59177835909
59177835910
59177835911
59177835912
59177835913
59177835914
59177835915
59177835916
59177835917
59177835918
59177835919
59177835920
59177835921
59177835922
59177835923
59177835924
59177835925
59177835926
59177835927
59177835928
59177835929
59177835930
59177835931
59177835932
59177835933
59177835934
59177835935
59177835936
59177835937
59177835938
59177835939
59177835940
59177835941
59177835942
59177835943
59177835944
59177835945
59177835946
59177835947
59177835948
59177835949
59177835950
59177835951
59177835952
59177835953
59177835954
59177835955
59177835956
59177835957
59177835958
59177835959
59177835960
59177835961
59177835962
59177835963
59177835964
59177835965
59177835966
59177835967
59177835968
59177835969
59177835970
59177835971
59177835972
59177835973
59177835974
59177835975
59177835976
59177835977
59177835978
59177835979
59177835980
59177835981
59177835982
59177835983
59177835984
59177835985
59177835986
59177835987
59177835988
59177835989
59177835990
59177835991
59177835992
59177835993
59177835994
59177835995
59177835996
59177835997
59177835998
59177835999
59177836000
59177836001
59177836002
59177836003
59177836004
59177836005
59177836006
59177836007
59177836008
59177836009
59177836010
59177836011
59177836012
59177836013
59177836014
59177836015
59177836016
59177836017
59177836018
59177836019
59177836020
59177836021
59177836022
59177836023
59177836024
59177836025
59177836026
59177836027
59177836028
59177836029
59177836030
59177836031
59177836032
59177836033
59177836034
59177836035
59177836036
59177836037
59177836038
59177836039
59177836040
59177836041
59177836042
59177836043
59177836044
59177836045
59177836046
59177836047
59177836048
59177836049
59177836050
59177836051
59177836052
59177836053
59177836054
59177836055
59177836056
59177836057
59177836058
59177836059
59177836060
59177836061
59177836062
59177836063
59177836064
59177836065
59177836066
59177836067
59177836068
59177836069
59177836070
59177836071
59177836072
59177836073
59177836074
59177836075
59177836076
59177836077
59177836078
59177836079
59177836080
59177836081
59177836082
59177836083
59177836084
59177836085
59177836086
59177836087
59177836088
59177836089
59177836090
59177836091
59177836092
59177836093
59177836094
59177836095
59177836096
59177836097
59177836098
59177836099
59177836100
59177836101
59177836102
59177836103
59177836104
59177836105
59177836106
59177836107
59177836108
59177836109
59177836110
59177836111
59177836112
59177836113
59177836114
59177836115
59177836116
59177836117
59177836118
59177836119
59177836120
59177836121
59177836122
59177836123
59177836124
59177836125
59177836126
59177836127
59177836128
59177836129
59177836130
59177836131
59177836132
59177836133
59177836134
59177836135
59177836136
59177836137
59177836138
59177836139
59177836140
59177836141
59177836142
59177836143
59177836144
59177836145
59177836146
59177836147
59177836148
59177836149
59177836150
59177836151
59177836152
59177836153
59177836154
59177836155
59177836156
59177836157
59177836158
59177836159
59177836160
59177836161
59177836162
59177836163
59177836164
59177836165
59177836166
59177836167
59177836168
59177836169
59177836170
59177836171
59177836172
59177836173
59177836174
59177836175
59177836176
59177836177
59177836178
59177836179
59177836180
59177836181
59177836182
59177836183
59177836184
59177836185
59177836186
59177836187
59177836188
59177836189
59177836190
59177836191
59177836192
59177836193
59177836194
59177836195
59177836196
59177836197
59177836198
59177836199
59177836200
59177836201
59177836202
59177836203
59177836204
59177836205
59177836206
59177836207
59177836208
59177836209
59177836210
59177836211
59177836212
59177836213
59177836214
59177836215
59177836216
59177836217
59177836218
59177836219
59177836220
59177836221
59177836222
59177836223
59177836224
59177836225
59177836226
59177836227
59177836228
59177836229
59177836230
59177836231
59177836232
59177836233
59177836234
59177836235
59177836236
59177836237
59177836238
59177836239
59177836240
59177836241
59177836242
59177836243
59177836244
59177836245
59177836246
59177836247
59177836248
59177836249
59177836250
59177836251
59177836252
59177836253
59177836254
59177836255
59177836256
59177836257
59177836258
59177836259
59177836260
59177836261
59177836262
59177836263
59177836264
59177836265
59177836266
59177836267
59177836268
59177836269
59177836270
59177836271
59177836272
59177836273
59177836274
59177836275
59177836276
59177836277
59177836278
59177836279
59177836280
59177836281
59177836282
59177836283
59177836284
59177836285
59177836286
59177836287
59177836288
59177836289
59177836290
59177836291
59177836292
59177836293
59177836294
59177836295
59177836296
59177836297
59177836298
59177836299
59177836300
59177836301
59177836302
59177836303
59177836304
59177836305
59177836306
59177836307
59177836308
59177836309
59177836310
59177836311
59177836312
59177836313
59177836314
59177836315
59177836316
59177836317
59177836318
59177836319
59177836320
59177836321
59177836322
59177836323
59177836324
59177836325
59177836326
59177836327
59177836328
59177836329
59177836330
59177836331
59177836332
59177836333
59177836334
59177836335
59177836336
59177836337
59177836338
59177836339
59177836340
59177836341
59177836342
59177836343
59177836344
59177836345
59177836346
59177836347
59177836348
59177836349
59177836350
59177836351
59177836352
59177836353
59177836354
59177836355
59177836356
59177836357
59177836358
59177836359
59177836360
59177836361
59177836362
59177836363
59177836364
59177836365
59177836366
59177836367
59177836368
59177836369
59177836370
59177836371
59177836372
59177836373
59177836374
59177836375
59177836376
59177836377
59177836378
59177836379
59177836380
59177836381
59177836382
59177836383
59177836384
59177836385
59177836386
59177836387
59177836388
59177836389
59177836390
59177836391
59177836392
59177836393
59177836394
59177836395
59177836396
59177836397
59177836398
59177836399
59177836400
59177836401
59177836402
59177836403
59177836404
59177836405
59177836406
59177836407
59177836408
59177836409
59177836410
59177836411
59177836412
59177836413
59177836414
59177836415
59177836416
59177836417
59177836418
59177836419
59177836420
59177836421
59177836422
59177836423
59177836424
59177836425
59177836426
59177836427
59177836428
59177836429
59177836430
59177836431
59177836432
59177836433
59177836434
59177836435
59177836436
59177836437
59177836438
59177836439
59177836440
59177836441
59177836442
59177836443
59177836444
59177836445
59177836446
59177836447
59177836448
59177836449
59177836450
59177836451
59177836452
59177836453
59177836454
59177836455
59177836456
59177836457
59177836458
59177836459
59177836460
59177836461
59177836462
59177836463
59177836464
59177836465
59177836466
59177836467
59177836468
59177836469
59177836470
59177836471
59177836472
59177836473
59177836474
59177836475
59177836476
59177836477
59177836478
59177836479
59177836480
59177836481
59177836482
59177836483
59177836484
59177836485
59177836486
59177836487
59177836488
59177836489
59177836490
59177836491
59177836492
59177836493
59177836494
59177836495
59177836496
59177836497
59177836498
59177836499
59177836500
59177836501
59177836502
59177836503
59177836504
59177836505
59177836506
59177836507
59177836508
59177836509
59177836510
59177836511
59177836512
59177836513
59177836514
59177836515
59177836516
59177836517
59177836518
59177836519
59177836520
59177836521
59177836522
59177836523
59177836524
59177836525
59177836526
59177836527
59177836528
59177836529
59177836530
59177836531
59177836532
59177836533
59177836534
59177836535
59177836536
59177836537
59177836538
59177836539
59177836540
59177836541
59177836542
59177836543
59177836544
59177836545
59177836546
59177836547
59177836548
59177836549
59177836550
59177836551
59177836552
59177836553
59177836554
59177836555
59177836556
59177836557
59177836558
59177836559
59177836560
59177836561
59177836562
59177836563
59177836564
59177836565
59177836566
59177836567
59177836568
59177836569
59177836570
59177836571
59177836572
59177836573
59177836574
59177836575
59177836576
59177836577
59177836578
59177836579
59177836580
59177836581
59177836582
59177836583
59177836584
59177836585
59177836586
59177836587
59177836588
59177836589
59177836590
59177836591
59177836592
59177836593
59177836594
59177836595
59177836596
59177836597
59177836598
59177836599
59177836600
59177836601
59177836602
59177836603
59177836604
59177836605
59177836606
59177836607
59177836608
59177836609
59177836610
59177836611
59177836612
59177836613
59177836614
59177836615
59177836616
59177836617
59177836618
59177836619
59177836620
59177836621
59177836622
59177836623
59177836624
59177836625
59177836626
59177836627
59177836628
59177836629
59177836630
59177836631
59177836632
59177836633
59177836634
59177836635
59177836636
59177836637
59177836638
59177836639
59177836640
59177836641
59177836642
59177836643
59177836644
59177836645
59177836646
59177836647
59177836648
59177836649
59177836650
59177836651
59177836652
59177836653
59177836654
59177836655
59177836656
59177836657
59177836658
59177836659
59177836660
59177836661
59177836662
59177836663
59177836664
59177836665
59177836666
59177836667
59177836668
59177836669
59177836670
59177836671
59177836672
59177836673
59177836674
59177836675
59177836676
59177836677
59177836678
59177836679
59177836680
59177836681
59177836682
59177836683
59177836684
59177836685
59177836686
59177836687
59177836688
59177836689
59177836690
59177836691
59177836692
59177836693
59177836694
59177836695
59177836696
59177836697
59177836698
59177836699
59177836700
59177836701
59177836702
59177836703
59177836704
59177836705
59177836706
59177836707
59177836708
59177836709
59177836710
59177836711
59177836712
59177836713
59177836714
59177836715
59177836716
59177836717
59177836718
59177836719
59177836720
59177836721
59177836722
59177836723
59177836724
59177836725
59177836726
59177836727
59177836728
59177836729
59177836730
59177836731
59177836732
59177836733
59177836734
59177836735
59177836736
59177836737
59177836738
59177836739
59177836740
59177836741
59177836742
59177836743
59177836744
59177836745
59177836746
59177836747
59177836748
59177836749
59177836750
59177836751
59177836752
59177836753
59177836754
59177836755
59177836756
59177836757
59177836758
59177836759
59177836760
59177836761
59177836762
59177836763
59177836764
59177836765
59177836766
59177836767
59177836768
59177836769
59177836770
59177836771
59177836772
59177836773
59177836774
59177836775
59177836776
59177836777
59177836778
59177836779
59177836780
59177836781
59177836782
59177836783
59177836784
59177836785
59177836786
59177836787
59177836788
59177836789
59177836790
59177836791
59177836792
59177836793
59177836794
59177836795
59177836796
59177836797
59177836798
59177836799
59177836800
59177836801
59177836802
59177836803
59177836804
59177836805
59177836806
59177836807
59177836808
59177836809
59177836810
59177836811
59177836812
59177836813
59177836814
59177836815
59177836816
59177836817
59177836818
59177836819
59177836820
59177836821
59177836822
59177836823
59177836824
59177836825
59177836826
59177836827
59177836828
59177836829
59177836830
59177836831
59177836832
59177836833
59177836834
59177836835
59177836836
59177836837
59177836838
59177836839
59177836840
59177836841
59177836842
59177836843
59177836844
59177836845
59177836846
59177836847
59177836848
59177836849
59177836850
59177836851
59177836852
59177836853
59177836854
59177836855
59177836856
59177836857
59177836858
59177836859
59177836860
59177836861
59177836862
59177836863
59177836864
59177836865
59177836866
59177836867
59177836868
59177836869
59177836870
59177836871
59177836872
59177836873
59177836874
59177836875
59177836876
59177836877
59177836878
59177836879
59177836880
59177836881
59177836882
59177836883
59177836884
59177836885
59177836886
59177836887
59177836888
59177836889
59177836890
59177836891
59177836892
59177836893
59177836894
59177836895
59177836896
59177836897
59177836898
59177836899
59177836900
59177836901
59177836902
59177836903
59177836904
59177836905
59177836906
59177836907
59177836908
59177836909
59177836910
59177836911
59177836912
59177836913
59177836914
59177836915
59177836916
59177836917
59177836918
59177836919
59177836920
59177836921
59177836922
59177836923
59177836924
59177836925
59177836926
59177836927
59177836928
59177836929
59177836930
59177836931
59177836932
59177836933
59177836934
59177836935
59177836936
59177836937
59177836938
59177836939
59177836940
59177836941
59177836942
59177836943
59177836944
59177836945
59177836946
59177836947
59177836948
59177836949
59177836950
59177836951
59177836952
59177836953
59177836954
59177836955
59177836956
59177836957
59177836958
59177836959
59177836960
59177836961
59177836962
59177836963
59177836964
59177836965
59177836966
59177836967
59177836968
59177836969
59177836970
59177836971
59177836972
59177836973
59177836974
59177836975
59177836976
59177836977
59177836978
59177836979
59177836980
59177836981
59177836982
59177836983
59177836984
59177836985
59177836986
59177836987
59177836988
59177836989
59177836990
59177836991
59177836992
59177836993
59177836994
59177836995
59177836996
59177836997
59177836998
59177836999
59177837000
59177837001
59177837002
59177837003
59177837004
59177837005
59177837006
59177837007
59177837008
59177837009
59177837010
59177837011
59177837012
59177837013
59177837014
59177837015
59177837016
59177837017
59177837018
59177837019
59177837020
59177837021
59177837022
59177837023
59177837024
59177837025
59177837026
59177837027
59177837028
59177837029
59177837030
59177837031
59177837032
59177837033
59177837034
59177837035
59177837036
59177837037
59177837038
59177837039
59177837040
59177837041
59177837042
59177837043
59177837044
59177837045
59177837046
59177837047
59177837048
59177837049
59177837050
59177837051
59177837052
59177837053
59177837054
59177837055
59177837056
59177837057
59177837058
59177837059
59177837060
59177837061
59177837062
59177837063
59177837064
59177837065
59177837066
59177837067
59177837068
59177837069
59177837070
59177837071
59177837072
59177837073
59177837074
59177837075
59177837076
59177837077
59177837078
59177837079
59177837080
59177837081
59177837082
59177837083
59177837084
59177837085
59177837086
59177837087
59177837088
59177837089
59177837090
59177837091
59177837092
59177837093
59177837094
59177837095
59177837096
59177837097
59177837098
59177837099
59177837100
59177837101
59177837102
59177837103
59177837104
59177837105
59177837106
59177837107
59177837108
59177837109
59177837110
59177837111
59177837112
59177837113
59177837114
59177837115
59177837116
59177837117
59177837118
59177837119
59177837120
59177837121
59177837122
59177837123
59177837124
59177837125
59177837126
59177837127
59177837128
59177837129
59177837130
59177837131
59177837132
59177837133
59177837134
59177837135
59177837136
59177837137
59177837138
59177837139
59177837140
59177837141
59177837142
59177837143
59177837144
59177837145
59177837146
59177837147
59177837148
59177837149
59177837150
59177837151
59177837152
59177837153
59177837154
59177837155
59177837156
59177837157
59177837158
59177837159
59177837160
59177837161
59177837162
59177837163
59177837164
59177837165
59177837166
59177837167
59177837168
59177837169
59177837170
59177837171
59177837172
59177837173
59177837174
59177837175
59177837176
59177837177
59177837178
59177837179
59177837180
59177837181
59177837182
59177837183
59177837184
59177837185
59177837186
59177837187
59177837188
59177837189
59177837190
59177837191
59177837192
59177837193
59177837194
59177837195
59177837196
59177837197
59177837198
59177837199
59177837200
59177837201
59177837202
59177837203
59177837204
59177837205
59177837206
59177837207
59177837208
59177837209
59177837210
59177837211
59177837212
59177837213
59177837214
59177837215
59177837216
59177837217
59177837218
59177837219
59177837220
59177837221
59177837222
59177837223
59177837224
59177837225
59177837226
59177837227
59177837228
59177837229
59177837230
59177837231
59177837232
59177837233
59177837234
59177837235
59177837236
59177837237
59177837238
59177837239
59177837240
59177837241
59177837242
59177837243
59177837244
59177837245
59177837246
59177837247
59177837248
59177837249
59177837250
59177837251
59177837252
59177837253
59177837254
59177837255
59177837256
59177837257
59177837258
59177837259
59177837260
59177837261
59177837262
59177837263
59177837264
59177837265
59177837266
59177837267
59177837268
59177837269
59177837270
59177837271
59177837272
59177837273
59177837274
59177837275
59177837276
59177837277
59177837278
59177837279
59177837280
59177837281
59177837282
59177837283
59177837284
59177837285
59177837286
59177837287
59177837288
59177837289
59177837290
59177837291
59177837292
59177837293
59177837294
59177837295
59177837296
59177837297
59177837298
59177837299
59177837300
59177837301
59177837302
59177837303
59177837304
59177837305
59177837306
59177837307
59177837308
59177837309
59177837310
59177837311
59177837312
59177837313
59177837314
59177837315
59177837316
59177837317
59177837318
59177837319
59177837320
59177837321
59177837322
59177837323
59177837324
59177837325
59177837326
59177837327
59177837328
59177837329
59177837330
59177837331
59177837332
59177837333
59177837334
59177837335
59177837336
59177837337
59177837338
59177837339
59177837340
59177837341
59177837342
59177837343
59177837344
59177837345
59177837346
59177837347
59177837348
59177837349
59177837350
59177837351
59177837352
59177837353
59177837354
59177837355
59177837356
59177837357
59177837358
59177837359
59177837360
59177837361
59177837362
59177837363
59177837364
59177837365
59177837366
59177837367
59177837368
59177837369
59177837370
59177837371
59177837372
59177837373
59177837374
59177837375
59177837376
59177837377
59177837378
59177837379
59177837380
59177837381
59177837382
59177837383
59177837384
59177837385
59177837386
59177837387
59177837388
59177837389
59177837390
59177837391
59177837392
59177837393
59177837394
59177837395
59177837396
59177837397
59177837398
59177837399
59177837400
59177837401
59177837402
59177837403
59177837404
59177837405
59177837406
59177837407
59177837408
59177837409
59177837410
59177837411
59177837412
59177837413
59177837414
59177837415
59177837416
59177837417
59177837418
59177837419
59177837420
59177837421
59177837422
59177837423
59177837424
59177837425
59177837426
59177837427
59177837428
59177837429
59177837430
59177837431
59177837432
59177837433
59177837434
59177837435
59177837436
59177837437
59177837438
59177837439
59177837440
59177837441
59177837442
59177837443
59177837444
59177837445
59177837446
59177837447
59177837448
59177837449
59177837450
59177837451
59177837452
59177837453
59177837454
59177837455
59177837456
59177837457
59177837458
59177837459
59177837460
59177837461
59177837462
59177837463
59177837464
59177837465
59177837466
59177837467
59177837468
59177837469
59177837470
59177837471
59177837472
59177837473
59177837474
59177837475
59177837476
59177837477
59177837478
59177837479
59177837480
59177837481
59177837482
59177837483
59177837484
59177837485
59177837486
59177837487
59177837488
59177837489
59177837490
59177837491
59177837492
59177837493
59177837494
59177837495
59177837496
59177837497
59177837498
59177837499
59177837500
59177837501
59177837502
59177837503
59177837504
59177837505
59177837506
59177837507
59177837508
59177837509
59177837510
59177837511
59177837512
59177837513
59177837514
59177837515
59177837516
59177837517
59177837518
59177837519
59177837520
59177837521
59177837522
59177837523
59177837524
59177837525
59177837526
59177837527
59177837528
59177837529
59177837530
59177837531
59177837532
59177837533
59177837534
59177837535
59177837536
59177837537
59177837538
59177837539
59177837540
59177837541
59177837542
59177837543
59177837544
59177837545
59177837546
59177837547
59177837548
59177837549
59177837550
59177837551
59177837552
59177837553
59177837554
59177837555
59177837556
59177837557
59177837558
59177837559
59177837560
59177837561
59177837562
59177837563
59177837564
59177837565
59177837566
59177837567
59177837568
59177837569
59177837570
59177837571
59177837572
59177837573
59177837574
59177837575
59177837576
59177837577
59177837578
59177837579
59177837580
59177837581
59177837582
59177837583
59177837584
59177837585
59177837586
59177837587
59177837588
59177837589
59177837590
59177837591
59177837592
59177837593
59177837594
59177837595
59177837596
59177837597
59177837598
59177837599
59177837600
59177837601
59177837602
59177837603
59177837604
59177837605
59177837606
59177837607
59177837608
59177837609
59177837610
59177837611
59177837612
59177837613
59177837614
59177837615
59177837616
59177837617
59177837618
59177837619
59177837620
59177837621
59177837622
59177837623
59177837624
59177837625
59177837626
59177837627
59177837628
59177837629
59177837630
59177837631
59177837632
59177837633
59177837634
59177837635
59177837636
59177837637
59177837638
59177837639
59177837640
59177837641
59177837642
59177837643
59177837644
59177837645
59177837646
59177837647
59177837648
59177837649
59177837650
59177837651
59177837652
59177837653
59177837654
59177837655
59177837656
59177837657
59177837658
59177837659
59177837660
59177837661
59177837662
59177837663
59177837664
59177837665
59177837666
59177837667
59177837668
59177837669
59177837670
59177837671
59177837672
59177837673
59177837674
59177837675
59177837676
59177837677
59177837678
59177837679
59177837680
59177837681
59177837682
59177837683
59177837684
59177837685
59177837686
59177837687
59177837688
59177837689
59177837690
59177837691
59177837692
59177837693
59177837694
59177837695
59177837696
59177837697
59177837698
59177837699
59177837700
59177837701
59177837702
59177837703
59177837704
59177837705
59177837706
59177837707
59177837708
59177837709
59177837710
59177837711
59177837712
59177837713
59177837714
59177837715
59177837716
59177837717
59177837718
59177837719
59177837720
59177837721
59177837722
59177837723
59177837724
59177837725
59177837726
59177837727
59177837728
59177837729
59177837730
59177837731
59177837732
59177837733
59177837734
59177837735
59177837736
59177837737
59177837738
59177837739
59177837740
59177837741
59177837742
59177837743
59177837744
59177837745
59177837746
59177837747
59177837748
59177837749
59177837750
59177837751
59177837752
59177837753
59177837754
59177837755
59177837756
59177837757
59177837758
59177837759
59177837760
59177837761
59177837762
59177837763
59177837764
59177837765
59177837766
59177837767
59177837768
59177837769
59177837770
59177837771
59177837772
59177837773
59177837774
59177837775
59177837776
59177837777
59177837778
59177837779
59177837780
59177837781
59177837782
59177837783
59177837784
59177837785
59177837786
59177837787
59177837788
59177837789
59177837790
59177837791
59177837792
59177837793
59177837794
59177837795
59177837796
59177837797
59177837798
59177837799
59177837800
59177837801
59177837802
59177837803
59177837804
59177837805
59177837806
59177837807
59177837808
59177837809
59177837810
59177837811
59177837812
59177837813
59177837814
59177837815
59177837816
59177837817
59177837818
59177837819
59177837820
59177837821
59177837822
59177837823
59177837824
59177837825
59177837826
59177837827
59177837828
59177837829
59177837830
59177837831
59177837832
59177837833
59177837834
59177837835
59177837836
59177837837
59177837838
59177837839
59177837840
59177837841
59177837842
59177837843
59177837844
59177837845
59177837846
59177837847
59177837848
59177837849
59177837850
59177837851
59177837852
59177837853
59177837854
59177837855
59177837856
59177837857
59177837858
59177837859
59177837860
59177837861
59177837862
59177837863
59177837864
59177837865
59177837866
59177837867
59177837868
59177837869
59177837870
59177837871
59177837872
59177837873
59177837874
59177837875
59177837876
59177837877
59177837878
59177837879
59177837880
59177837881
59177837882
59177837883
59177837884
59177837885
59177837886
59177837887
59177837888
59177837889
59177837890
59177837891
59177837892
59177837893
59177837894
59177837895
59177837896
59177837897
59177837898
59177837899
59177837900
59177837901
59177837902
59177837903
59177837904
59177837905
59177837906
59177837907
59177837908
59177837909
59177837910
59177837911
59177837912
59177837913
59177837914
59177837915
59177837916
59177837917
59177837918
59177837919
59177837920
59177837921
59177837922
59177837923
59177837924
59177837925
59177837926
59177837927
59177837928
59177837929
59177837930
59177837931
59177837932
59177837933
59177837934
59177837935
59177837936
59177837937
59177837938
59177837939
59177837940
59177837941
59177837942
59177837943
59177837944
59177837945
59177837946
59177837947
59177837948
59177837949
59177837950
59177837951
59177837952
59177837953
59177837954
59177837955
59177837956
59177837957
59177837958
59177837959
59177837960
59177837961
59177837962
59177837963
59177837964
59177837965
59177837966
59177837967
59177837968
59177837969
59177837970
59177837971
59177837972
59177837973
59177837974
59177837975
59177837976
59177837977
59177837978
59177837979
59177837980
59177837981
59177837982
59177837983
59177837984
59177837985
59177837986
59177837987
59177837988
59177837989
59177837990
59177837991
59177837992
59177837993
59177837994
59177837995
59177837996
59177837997
59177837998
59177837999
59177838000
59177838001
59177838002
59177838003
59177838004
59177838005
59177838006
59177838007
59177838008
59177838009
59177838010
59177838011
59177838012
59177838013
59177838014
59177838015
59177838016
59177838017
59177838018
59177838019
59177838020
59177838021
59177838022
59177838023
59177838024
59177838025
59177838026
59177838027
59177838028
59177838029
59177838030
59177838031
59177838032
59177838033
59177838034
59177838035
59177838036
59177838037
59177838038
59177838039
59177838040
59177838041
59177838042
59177838043
59177838044
59177838045
59177838046
59177838047
59177838048
59177838049
59177838050
59177838051
59177838052
59177838053
59177838054
59177838055
59177838056
59177838057
59177838058
59177838059
59177838060
59177838061
59177838062
59177838063
59177838064
59177838065
59177838066
59177838067
59177838068
59177838069
59177838070
59177838071
59177838072
59177838073
59177838074
59177838075
59177838076
59177838077
59177838078
59177838079
59177838080
59177838081
59177838082
59177838083
59177838084
59177838085
59177838086
59177838087
59177838088
59177838089
59177838090
59177838091
59177838092
59177838093
59177838094
59177838095
59177838096
59177838097
59177838098
59177838099
59177838100
59177838101
59177838102
59177838103
59177838104
59177838105
59177838106
59177838107
59177838108
59177838109
59177838110
59177838111
59177838112
59177838113
59177838114
59177838115
59177838116
59177838117
59177838118
59177838119
59177838120
59177838121
59177838122
59177838123
59177838124
59177838125
59177838126
59177838127
59177838128
59177838129
59177838130
59177838131
59177838132
59177838133
59177838134
59177838135
59177838136
59177838137
59177838138
59177838139
59177838140
59177838141
59177838142
59177838143
59177838144
59177838145
59177838146
59177838147
59177838148
59177838149
59177838150
59177838151
59177838152
59177838153
59177838154
59177838155
59177838156
59177838157
59177838158
59177838159
59177838160
59177838161
59177838162
59177838163
59177838164
59177838165
59177838166
59177838167
59177838168
59177838169
59177838170
59177838171
59177838172
59177838173
59177838174
59177838175
59177838176
59177838177
59177838178
59177838179
59177838180
59177838181
59177838182
59177838183
59177838184
59177838185
59177838186
59177838187
59177838188
59177838189
59177838190
59177838191
59177838192
59177838193
59177838194
59177838195
59177838196
59177838197
59177838198
59177838199
59177838200
59177838201
59177838202
59177838203
59177838204
59177838205
59177838206
59177838207
59177838208
59177838209
59177838210
59177838211
59177838212
59177838213
59177838214
59177838215
59177838216
59177838217
59177838218
59177838219
59177838220
59177838221
59177838222
59177838223
59177838224
59177838225
59177838226
59177838227
59177838228
59177838229
59177838230
59177838231
59177838232
59177838233
59177838234
59177838235
59177838236
59177838237
59177838238
59177838239
59177838240
59177838241
59177838242
59177838243
59177838244
59177838245
59177838246
59177838247
59177838248
59177838249
59177838250
59177838251
59177838252
59177838253
59177838254
59177838255
59177838256
59177838257
59177838258
59177838259
59177838260
59177838261
59177838262
59177838263
59177838264
59177838265
59177838266
59177838267
59177838268
59177838269
59177838270
59177838271
59177838272
59177838273
59177838274
59177838275
59177838276
59177838277
59177838278
59177838279
59177838280
59177838281
59177838282
59177838283
59177838284
59177838285
59177838286
59177838287
59177838288
59177838289
59177838290
59177838291
59177838292
59177838293
59177838294
59177838295
59177838296
59177838297
59177838298
59177838299
59177838300
59177838301
59177838302
59177838303
59177838304
59177838305
59177838306
59177838307
59177838308
59177838309
59177838310
59177838311
59177838312
59177838313
59177838314
59177838315
59177838316
59177838317
59177838318
59177838319
59177838320
59177838321
59177838322
59177838323
59177838324
59177838325
59177838326
59177838327
59177838328
59177838329
59177838330
59177838331
59177838332
59177838333
59177838334
59177838335
59177838336
59177838337
59177838338
59177838339
59177838340
59177838341
59177838342
59177838343
59177838344
59177838345
59177838346
59177838347
59177838348
59177838349
59177838350
59177838351
59177838352
59177838353
59177838354
59177838355
59177838356
59177838357
59177838358
59177838359
59177838360
59177838361
59177838362
59177838363
59177838364
59177838365
59177838366
59177838367
59177838368
59177838369
59177838370
59177838371
59177838372
59177838373
59177838374
59177838375
59177838376
59177838377
59177838378
59177838379
59177838380
59177838381
59177838382
59177838383
59177838384
59177838385
59177838386
59177838387
59177838388
59177838389
59177838390
59177838391
59177838392
59177838393
59177838394
59177838395
59177838396
59177838397
59177838398
59177838399
59177838400
59177838401
59177838402
59177838403
59177838404
59177838405
59177838406
59177838407
59177838408
59177838409
59177838410
59177838411
59177838412
59177838413
59177838414
59177838415
59177838416
59177838417
59177838418
59177838419
59177838420
59177838421
59177838422
59177838423
59177838424
59177838425
59177838426
59177838427
59177838428
59177838429
59177838430
59177838431
59177838432
59177838433
59177838434
59177838435
59177838436
59177838437
59177838438
59177838439
59177838440
59177838441
59177838442
59177838443
59177838444
59177838445
59177838446
59177838447
59177838448
59177838449
59177838450
59177838451
59177838452
59177838453
59177838454
59177838455
59177838456
59177838457
59177838458
59177838459
59177838460
59177838461
59177838462
59177838463
59177838464
59177838465
59177838466
59177838467
59177838468
59177838469
59177838470
59177838471
59177838472
59177838473
59177838474
59177838475
59177838476
59177838477
59177838478
59177838479
59177838480
59177838481
59177838482
59177838483
59177838484
59177838485
59177838486
59177838487
59177838488
59177838489
59177838490
59177838491
59177838492
59177838493
59177838494
59177838495
59177838496
59177838497
59177838498
59177838499
59177838500
59177838501
59177838502
59177838503
59177838504
59177838505
59177838506
59177838507
59177838508
59177838509
59177838510
59177838511
59177838512
59177838513
59177838514
59177838515
59177838516
59177838517
59177838518
59177838519
59177838520
59177838521
59177838522
59177838523
59177838524
59177838525
59177838526
59177838527
59177838528
59177838529
59177838530
59177838531
59177838532
59177838533
59177838534
59177838535
59177838536
59177838537
59177838538
59177838539
59177838540
59177838541
59177838542
59177838543
59177838544
59177838545
59177838546
59177838547
59177838548
59177838549
59177838550
59177838551
59177838552
59177838553
59177838554
59177838555
59177838556
59177838557
59177838558
59177838559
59177838560
59177838561
59177838562
59177838563
59177838564
59177838565
59177838566
59177838567
59177838568
59177838569
59177838570
59177838571
59177838572
59177838573
59177838574
59177838575
59177838576
59177838577
59177838578
59177838579
59177838580
59177838581
59177838582
59177838583
59177838584
59177838585
59177838586
59177838587
59177838588
59177838589
59177838590
59177838591
59177838592
59177838593
59177838594
59177838595
59177838596
59177838597
59177838598
59177838599
59177838600
59177838601
59177838602
59177838603
59177838604
59177838605
59177838606
59177838607
59177838608
59177838609
59177838610
59177838611
59177838612
59177838613
59177838614
59177838615
59177838616
59177838617
59177838618
59177838619
59177838620
59177838621
59177838622
59177838623
59177838624
59177838625
59177838626
59177838627
59177838628
59177838629
59177838630
59177838631
59177838632
59177838633
59177838634
59177838635
59177838636
59177838637
59177838638
59177838639
59177838640
59177838641
59177838642
59177838643
59177838644
59177838645
59177838646
59177838647
59177838648
59177838649
59177838650
59177838651
59177838652
59177838653
59177838654
59177838655
59177838656
59177838657
59177838658
59177838659
59177838660
59177838661
59177838662
59177838663
59177838664
59177838665
59177838666
59177838667
59177838668
59177838669
59177838670
59177838671
59177838672
59177838673
59177838674
59177838675
59177838676
59177838677
59177838678
59177838679
59177838680
