59177838681
59177838682
59177838683
59177838684
59177838685
59177838686
59177838687
59177838688
59177838689
59177838690
59177838691
59177838692
59177838693
59177838694
59177838695
59177838696
59177838697
59177838698
59177838699
59177838700
59177838701
59177838702
59177838703
59177838704
59177838705
59177838706
59177838707
59177838708
59177838709
59177838710
59177838711
59177838712
59177838713
59177838714
59177838715
59177838716
59177838717
59177838718
59177838719
59177838720
59177838721
59177838722
59177838723
59177838724
59177838725
59177838726
59177838727
59177838728
59177838729
59177838730
59177838731
59177838732
59177838733
59177838734
59177838735
59177838736
59177838737
59177838738
59177838739
59177838740
59177838741
59177838742
59177838743
59177838744
59177838745
59177838746
59177838747
59177838748
59177838749
59177838750
59177838751
59177838752
59177838753
59177838754
59177838755
59177838756
59177838757
59177838758
59177838759
59177838760
59177838761
59177838762
59177838763
59177838764
59177838765
59177838766
59177838767
59177838768
59177838769
59177838770
59177838771
59177838772
59177838773
59177838774
59177838775
59177838776
59177838777
59177838778
59177838779
59177838780
59177838781
59177838782
59177838783
59177838784
59177838785
59177838786
59177838787
59177838788
59177838789
59177838790
59177838791
59177838792
59177838793
59177838794
59177838795
59177838796
59177838797
59177838798
59177838799
59177838800
59177838801
59177838802
59177838803
59177838804
59177838805
59177838806
59177838807
59177838808
59177838809
59177838810
59177838811
59177838812
59177838813
59177838814
59177838815
59177838816
59177838817
59177838818
59177838819
59177838820
59177838821
59177838822
59177838823
59177838824
59177838825
59177838826
59177838827
59177838828
59177838829
59177838830
59177838831
59177838832
59177838833
59177838834
59177838835
59177838836
59177838837
59177838838
59177838839
59177838840
59177838841
59177838842
59177838843
59177838844
59177838845
59177838846
59177838847
59177838848
59177838849
59177838850
59177838851
59177838852
59177838853
59177838854
59177838855
59177838856
59177838857
59177838858
59177838859
59177838860
59177838861
59177838862
59177838863
59177838864
59177838865
59177838866
59177838867
59177838868
59177838869
59177838870
59177838871
59177838872
59177838873
59177838874
59177838875
59177838876
59177838877
59177838878
59177838879
59177838880
59177838881
59177838882
59177838883
59177838884
59177838885
59177838886
59177838887
59177838888
59177838889
59177838890
59177838891
59177838892
59177838893
59177838894
59177838895
59177838896
59177838897
59177838898
59177838899
59177838900
59177838901
59177838902
59177838903
59177838904
59177838905
59177838906
59177838907
59177838908
59177838909
59177838910
59177838911
59177838912
59177838913
59177838914
59177838915
59177838916
59177838917
59177838918
59177838919
59177838920
59177838921
59177838922
59177838923
59177838924
59177838925
59177838926
59177838927
59177838928
59177838929
59177838930
59177838931
59177838932
59177838933
59177838934
59177838935
59177838936
59177838937
59177838938
59177838939
59177838940
59177838941
59177838942
59177838943
59177838944
59177838945
59177838946
59177838947
59177838948
59177838949
59177838950
59177838951
59177838952
59177838953
59177838954
59177838955
59177838956
59177838957
59177838958
59177838959
59177838960
59177838961
59177838962
59177838963
59177838964
59177838965
59177838966
59177838967
59177838968
59177838969
59177838970
59177838971
59177838972
59177838973
59177838974
59177838975
59177838976
59177838977
59177838978
59177838979
59177838980
59177838981
59177838982
59177838983
59177838984
59177838985
59177838986
59177838987
59177838988
59177838989
59177838990
59177838991
59177838992
59177838993
59177838994
59177838995
59177838996
59177838997
59177838998
59177838999
59177839000
59177839001
59177839002
59177839003
59177839004
59177839005
59177839006
59177839007
59177839008
59177839009
59177839010
59177839011
59177839012
59177839013
59177839014
59177839015
59177839016
59177839017
59177839018
59177839019
59177839020
59177839021
59177839022
59177839023
59177839024
59177839025
59177839026
59177839027
59177839028
59177839029
59177839030
59177839031
59177839032
59177839033
59177839034
59177839035
59177839036
59177839037
59177839038
59177839039
59177839040
59177839041
59177839042
59177839043
59177839044
59177839045
59177839046
59177839047
59177839048
59177839049
59177839050
59177839051
59177839052
59177839053
59177839054
59177839055
59177839056
59177839057
59177839058
59177839059
59177839060
59177839061
59177839062
59177839063
59177839064
59177839065
59177839066
59177839067
59177839068
59177839069
59177839070
59177839071
59177839072
59177839073
59177839074
59177839075
59177839076
59177839077
59177839078
59177839079
59177839080
59177839081
59177839082
59177839083
59177839084
59177839085
59177839086
59177839087
59177839088
59177839089
59177839090
59177839091
59177839092
59177839093
59177839094
59177839095
59177839096
59177839097
59177839098
59177839099
59177839100
59177839101
59177839102
59177839103
59177839104
59177839105
59177839106
59177839107
59177839108
59177839109
59177839110
59177839111
59177839112
59177839113
59177839114
59177839115
59177839116
59177839117
59177839118
59177839119
59177839120
59177839121
59177839122
59177839123
59177839124
59177839125
59177839126
59177839127
59177839128
59177839129
59177839130
59177839131
59177839132
59177839133
59177839134
59177839135
59177839136
59177839137
59177839138
59177839139
59177839140
59177839141
59177839142
59177839143
59177839144
59177839145
59177839146
59177839147
59177839148
59177839149
59177839150
59177839151
59177839152
59177839153
59177839154
59177839155
59177839156
59177839157
59177839158
59177839159
59177839160
59177839161
59177839162
59177839163
59177839164
59177839165
59177839166
59177839167
59177839168
59177839169
59177839170
59177839171
59177839172
59177839173
59177839174
59177839175
59177839176
59177839177
59177839178
59177839179
59177839180
59177839181
59177839182
59177839183
59177839184
59177839185
59177839186
59177839187
59177839188
59177839189
59177839190
59177839191
59177839192
59177839193
59177839194
59177839195
59177839196
59177839197
59177839198
59177839199
59177839200
59177839201
59177839202
59177839203
59177839204
59177839205
59177839206
59177839207
59177839208
59177839209
59177839210
59177839211
59177839212
59177839213
59177839214
59177839215
59177839216
59177839217
59177839218
59177839219
59177839220
59177839221
59177839222
59177839223
59177839224
59177839225
59177839226
59177839227
59177839228
59177839229
59177839230
59177839231
59177839232
59177839233
59177839234
59177839235
59177839236
59177839237
59177839238
59177839239
59177839240
59177839241
59177839242
59177839243
59177839244
59177839245
59177839246
59177839247
59177839248
59177839249
59177839250
59177839251
59177839252
59177839253
59177839254
59177839255
59177839256
59177839257
59177839258
59177839259
59177839260
59177839261
59177839262
59177839263
59177839264
59177839265
59177839266
59177839267
59177839268
59177839269
59177839270
59177839271
59177839272
59177839273
59177839274
59177839275
59177839276
59177839277
59177839278
59177839279
59177839280
59177839281
59177839282
59177839283
59177839284
59177839285
59177839286
59177839287
59177839288
59177839289
59177839290
59177839291
59177839292
59177839293
59177839294
59177839295
59177839296
59177839297
59177839298
59177839299
59177839300
59177839301
59177839302
59177839303
59177839304
59177839305
59177839306
59177839307
59177839308
59177839309
59177839310
59177839311
59177839312
59177839313
59177839314
59177839315
59177839316
59177839317
59177839318
59177839319
59177839320
59177839321
59177839322
59177839323
59177839324
59177839325
59177839326
59177839327
59177839328
59177839329
59177839330
59177839331
59177839332
59177839333
59177839334
59177839335
59177839336
59177839337
59177839338
59177839339
59177839340
59177839341
59177839342
59177839343
59177839344
59177839345
59177839346
59177839347
59177839348
59177839349
59177839350
59177839351
59177839352
59177839353
59177839354
59177839355
59177839356
59177839357
59177839358
59177839359
59177839360
59177839361
59177839362
59177839363
59177839364
59177839365
59177839366
59177839367
59177839368
59177839369
59177839370
59177839371
59177839372
59177839373
59177839374
59177839375
59177839376
59177839377
59177839378
59177839379
59177839380
59177839381
59177839382
59177839383
59177839384
59177839385
59177839386
59177839387
59177839388
59177839389
59177839390
59177839391
59177839392
59177839393
59177839394
59177839395
59177839396
59177839397
59177839398
59177839399
59177839400
59177839401
59177839402
59177839403
59177839404
59177839405
59177839406
59177839407
59177839408
59177839409
59177839410
59177839411
59177839412
59177839413
59177839414
59177839415
59177839416
59177839417
59177839418
59177839419
59177839420
59177839421
59177839422
59177839423
59177839424
59177839425
59177839426
59177839427
59177839428
59177839429
59177839430
59177839431
59177839432
59177839433
59177839434
59177839435
59177839436
59177839437
59177839438
59177839439
59177839440
59177839441
59177839442
59177839443
59177839444
59177839445
59177839446
59177839447
59177839448
59177839449
59177839450
59177839451
59177839452
59177839453
59177839454
59177839455
59177839456
59177839457
59177839458
59177839459
59177839460
59177839461
59177839462
59177839463
59177839464
59177839465
59177839466
59177839467
59177839468
59177839469
59177839470
59177839471
59177839472
59177839473
59177839474
59177839475
59177839476
59177839477
59177839478
59177839479
59177839480
59177839481
59177839482
59177839483
59177839484
59177839485
59177839486
59177839487
59177839488
59177839489
59177839490
59177839491
59177839492
59177839493
59177839494
59177839495
59177839496
59177839497
59177839498
59177839499
59177839500
59177839501
59177839502
59177839503
59177839504
59177839505
59177839506
59177839507
59177839508
59177839509
59177839510
59177839511
59177839512
59177839513
59177839514
59177839515
59177839516
59177839517
59177839518
59177839519
59177839520
59177839521
59177839522
59177839523
59177839524
59177839525
59177839526
59177839527
59177839528
59177839529
59177839530
59177839531
59177839532
59177839533
59177839534
59177839535
59177839536
59177839537
59177839538
59177839539
59177839540
59177839541
59177839542
59177839543
59177839544
59177839545
59177839546
59177839547
59177839548
59177839549
59177839550
59177839551
59177839552
59177839553
59177839554
59177839555
59177839556
59177839557
59177839558
59177839559
59177839560
59177839561
59177839562
59177839563
59177839564
59177839565
59177839566
59177839567
59177839568
59177839569
59177839570
59177839571
59177839572
59177839573
59177839574
59177839575
59177839576
59177839577
59177839578
59177839579
59177839580
59177839581
59177839582
59177839583
59177839584
59177839585
59177839586
59177839587
59177839588
59177839589
59177839590
59177839591
59177839592
59177839593
59177839594
59177839595
59177839596
59177839597
59177839598
59177839599
59177839600
59177839601
59177839602
59177839603
59177839604
59177839605
59177839606
59177839607
59177839608
59177839609
59177839610
59177839611
59177839612
59177839613
59177839614
59177839615
59177839616
59177839617
59177839618
59177839619
59177839620
59177839621
59177839622
59177839623
59177839624
59177839625
59177839626
59177839627
59177839628
59177839629
59177839630
59177839631
59177839632
59177839633
59177839634
59177839635
59177839636
59177839637
59177839638
59177839639
59177839640
59177839641
59177839642
59177839643
59177839644
59177839645
59177839646
59177839647
59177839648
59177839649
59177839650
59177839651
59177839652
59177839653
59177839654
59177839655
59177839656
59177839657
59177839658
59177839659
59177839660
59177839661
59177839662
59177839663
59177839664
59177839665
59177839666
59177839667
59177839668
59177839669
59177839670
59177839671
59177839672
59177839673
59177839674
59177839675
59177839676
59177839677
59177839678
59177839679
59177839680
59177839681
59177839682
59177839683
59177839684
59177839685
59177839686
59177839687
59177839688
59177839689
59177839690
59177839691
59177839692
59177839693
59177839694
59177839695
59177839696
59177839697
59177839698
59177839699
59177839700
59177839701
59177839702
59177839703
59177839704
59177839705
59177839706
59177839707
59177839708
59177839709
59177839710
59177839711
59177839712
59177839713
59177839714
59177839715
59177839716
59177839717
59177839718
59177839719
59177839720
59177839721
59177839722
59177839723
59177839724
59177839725
59177839726
59177839727
59177839728
59177839729
59177839730
59177839731
59177839732
59177839733
59177839734
59177839735
59177839736
59177839737
59177839738
59177839739
59177839740
59177839741
59177839742
59177839743
59177839744
59177839745
59177839746
59177839747
59177839748
59177839749
59177839750
59177839751
59177839752
59177839753
59177839754
59177839755
59177839756
59177839757
59177839758
59177839759
59177839760
59177839761
59177839762
59177839763
59177839764
59177839765
59177839766
59177839767
59177839768
59177839769
59177839770
59177839771
59177839772
59177839773
59177839774
59177839775
59177839776
59177839777
59177839778
59177839779
59177839780
59177839781
59177839782
59177839783
59177839784
59177839785
59177839786
59177839787
59177839788
59177839789
59177839790
59177839791
59177839792
59177839793
59177839794
59177839795
59177839796
59177839797
59177839798
59177839799
59177839800
59177839801
59177839802
59177839803
59177839804
59177839805
59177839806
59177839807
59177839808
59177839809
59177839810
59177839811
59177839812
59177839813
59177839814
59177839815
59177839816
59177839817
59177839818
59177839819
59177839820
59177839821
59177839822
59177839823
59177839824
59177839825
59177839826
59177839827
59177839828
59177839829
59177839830
59177839831
59177839832
59177839833
59177839834
59177839835
59177839836
59177839837
59177839838
59177839839
59177839840
59177839841
59177839842
59177839843
59177839844
59177839845
59177839846
59177839847
59177839848
59177839849
59177839850
59177839851
59177839852
59177839853
59177839854
59177839855
59177839856
59177839857
59177839858
59177839859
59177839860
59177839861
59177839862
59177839863
59177839864
59177839865
59177839866
59177839867
59177839868
59177839869
59177839870
59177839871
59177839872
59177839873
59177839874
59177839875
59177839876
59177839877
59177839878
59177839879
59177839880
59177839881
59177839882
59177839883
59177839884
59177839885
59177839886
59177839887
59177839888
59177839889
59177839890
59177839891
59177839892
59177839893
59177839894
59177839895
59177839896
59177839897
59177839898
59177839899
59177839900
59177839901
59177839902
59177839903
59177839904
59177839905
59177839906
59177839907
59177839908
59177839909
59177839910
59177839911
59177839912
59177839913
59177839914
59177839915
59177839916
59177839917
59177839918
59177839919
59177839920
59177839921
59177839922
59177839923
59177839924
59177839925
59177839926
59177839927
59177839928
59177839929
59177839930
59177839931
59177839932
59177839933
59177839934
59177839935
59177839936
59177839937
59177839938
59177839939
59177839940
59177839941
59177839942
59177839943
59177839944
59177839945
59177839946
59177839947
59177839948
59177839949
59177839950
59177839951
59177839952
59177839953
59177839954
59177839955
59177839956
59177839957
59177839958
59177839959
59177839960
59177839961
59177839962
59177839963
59177839964
59177839965
59177839966
59177839967
59177839968
59177839969
59177839970
59177839971
59177839972
59177839973
59177839974
59177839975
59177839976
59177839977
59177839978
59177839979
59177839980
59177839981
59177839982
59177839983
59177839984
59177839985
59177839986
59177839987
59177839988
59177839989
59177839990
59177839991
59177839992
59177839993
59177839994
59177839995
59177839996
59177839997
59177839998
59177839999
59177840000
59177840001
59177840002
59177840003
59177840004
59177840005
59177840006
59177840007
59177840008
59177840009
59177840010
59177840011
59177840012
59177840013
59177840014
59177840015
59177840016
59177840017
59177840018
59177840019
59177840020
59177840021
59177840022
59177840023
59177840024
59177840025
59177840026
59177840027
59177840028
59177840029
59177840030
59177840031
59177840032
59177840033
59177840034
59177840035
59177840036
59177840037
59177840038
59177840039
59177840040
59177840041
59177840042
59177840043
59177840044
59177840045
59177840046
59177840047
59177840048
59177840049
59177840050
59177840051
59177840052
59177840053
59177840054
59177840055
59177840056
59177840057
59177840058
59177840059
59177840060
59177840061
59177840062
59177840063
59177840064
59177840065
59177840066
59177840067
59177840068
59177840069
59177840070
59177840071
59177840072
59177840073
59177840074
59177840075
59177840076
59177840077
59177840078
59177840079
59177840080
59177840081
59177840082
59177840083
59177840084
59177840085
59177840086
59177840087
59177840088
59177840089
59177840090
59177840091
59177840092
59177840093
59177840094
59177840095
59177840096
59177840097
59177840098
59177840099
59177840100
59177840101
59177840102
59177840103
59177840104
59177840105
59177840106
59177840107
59177840108
59177840109
59177840110
59177840111
59177840112
59177840113
59177840114
59177840115
59177840116
59177840117
59177840118
59177840119
59177840120
59177840121
59177840122
59177840123
59177840124
59177840125
59177840126
59177840127
59177840128
59177840129
59177840130
59177840131
59177840132
59177840133
59177840134
59177840135
59177840136
59177840137
59177840138
59177840139
59177840140
59177840141
59177840142
59177840143
59177840144
59177840145
59177840146
59177840147
59177840148
59177840149
59177840150
59177840151
59177840152
59177840153
59177840154
59177840155
59177840156
59177840157
59177840158
59177840159
59177840160
59177840161
59177840162
59177840163
59177840164
59177840165
59177840166
59177840167
59177840168
59177840169
59177840170
59177840171
59177840172
59177840173
59177840174
59177840175
59177840176
59177840177
59177840178
59177840179
59177840180
59177840181
59177840182
59177840183
59177840184
59177840185
59177840186
59177840187
59177840188
59177840189
59177840190
59177840191
59177840192
59177840193
59177840194
59177840195
59177840196
59177840197
59177840198
59177840199
59177840200
59177840201
59177840202
59177840203
59177840204
59177840205
59177840206
59177840207
59177840208
59177840209
59177840210
59177840211
59177840212
59177840213
59177840214
59177840215
59177840216
59177840217
59177840218
59177840219
59177840220
59177840221
59177840222
59177840223
59177840224
59177840225
59177840226
59177840227
59177840228
59177840229
59177840230
59177840231
59177840232
59177840233
59177840234
59177840235
59177840236
59177840237
59177840238
59177840239
59177840240
59177840241
59177840242
59177840243
59177840244
59177840245
59177840246
59177840247
59177840248
59177840249
59177840250
59177840251
59177840252
59177840253
59177840254
59177840255
59177840256
59177840257
59177840258
59177840259
59177840260
59177840261
59177840262
59177840263
59177840264
59177840265
59177840266
59177840267
59177840268
59177840269
59177840270
59177840271
59177840272
59177840273
59177840274
59177840275
59177840276
59177840277
59177840278
59177840279
59177840280
59177840281
59177840282
59177840283
59177840284
59177840285
59177840286
59177840287
59177840288
59177840289
59177840290
59177840291
59177840292
59177840293
59177840294
59177840295
59177840296
59177840297
59177840298
59177840299
59177840300
59177840301
59177840302
59177840303
59177840304
59177840305
59177840306
59177840307
59177840308
59177840309
59177840310
59177840311
59177840312
59177840313
59177840314
59177840315
59177840316
59177840317
59177840318
59177840319
59177840320
59177840321
59177840322
59177840323
59177840324
59177840325
59177840326
59177840327
59177840328
59177840329
59177840330
59177840331
59177840332
59177840333
59177840334
59177840335
59177840336
59177840337
59177840338
59177840339
59177840340
59177840341
59177840342
59177840343
59177840344
59177840345
59177840346
59177840347
59177840348
59177840349
59177840350
59177840351
59177840352
59177840353
59177840354
59177840355
59177840356
59177840357
59177840358
59177840359
59177840360
59177840361
59177840362
59177840363
59177840364
59177840365
59177840366
59177840367
59177840368
59177840369
59177840370
59177840371
59177840372
59177840373
59177840374
59177840375
59177840376
59177840377
59177840378
59177840379
59177840380
59177840381
59177840382
59177840383
59177840384
59177840385
59177840386
59177840387
59177840388
59177840389
59177840390
59177840391
59177840392
59177840393
59177840394
59177840395
59177840396
59177840397
59177840398
59177840399
59177840400
59177840401
59177840402
59177840403
59177840404
59177840405
59177840406
59177840407
59177840408
59177840409
59177840410
59177840411
59177840412
59177840413
59177840414
59177840415
59177840416
59177840417
59177840418
59177840419
59177840420
59177840421
59177840422
59177840423
59177840424
59177840425
59177840426
59177840427
59177840428
59177840429
59177840430
59177840431
59177840432
59177840433
59177840434
59177840435
59177840436
59177840437
59177840438
59177840439
59177840440
59177840441
59177840442
59177840443
59177840444
59177840445
59177840446
59177840447
59177840448
59177840449
59177840450
59177840451
59177840452
59177840453
59177840454
59177840455
59177840456
59177840457
59177840458
59177840459
59177840460
59177840461
59177840462
59177840463
59177840464
59177840465
59177840466
59177840467
59177840468
59177840469
59177840470
59177840471
59177840472
59177840473
59177840474
59177840475
59177840476
59177840477
59177840478
59177840479
59177840480
59177840481
59177840482
59177840483
59177840484
59177840485
59177840486
59177840487
59177840488
59177840489
59177840490
59177840491
59177840492
59177840493
59177840494
59177840495
59177840496
59177840497
59177840498
59177840499
59177840500
59177840501
59177840502
59177840503
59177840504
59177840505
59177840506
59177840507
59177840508
59177840509
59177840510
59177840511
59177840512
59177840513
59177840514
59177840515
59177840516
59177840517
59177840518
59177840519
59177840520
59177840521
59177840522
59177840523
59177840524
59177840525
59177840526
59177840527
59177840528
59177840529
59177840530
59177840531
59177840532
59177840533
59177840534
59177840535
59177840536
59177840537
59177840538
59177840539
59177840540
59177840541
59177840542
59177840543
59177840544
59177840545
59177840546
59177840547
59177840548
59177840549
59177840550
59177840551
59177840552
59177840553
59177840554
59177840555
59177840556
59177840557
59177840558
59177840559
59177840560
59177840561
59177840562
59177840563
59177840564
59177840565
59177840566
59177840567
59177840568
59177840569
59177840570
59177840571
59177840572
59177840573
59177840574
59177840575
59177840576
59177840577
59177840578
59177840579
59177840580
59177840581
59177840582
59177840583
59177840584
59177840585
59177840586
59177840587
59177840588
59177840589
59177840590
59177840591
59177840592
59177840593
59177840594
59177840595
59177840596
59177840597
59177840598
59177840599
59177840600
59177840601
59177840602
59177840603
59177840604
59177840605
59177840606
59177840607
59177840608
59177840609
59177840610
59177840611
59177840612
59177840613
59177840614
59177840615
59177840616
59177840617
59177840618
59177840619
59177840620
59177840621
59177840622
59177840623
59177840624
59177840625
59177840626
59177840627
59177840628
59177840629
59177840630
59177840631
59177840632
59177840633
59177840634
59177840635
59177840636
59177840637
59177840638
59177840639
59177840640
59177840641
59177840642
59177840643
59177840644
59177840645
59177840646
59177840647
59177840648
59177840649
59177840650
59177840651
59177840652
59177840653
59177840654
59177840655
59177840656
59177840657
59177840658
59177840659
59177840660
59177840661
59177840662
59177840663
59177840664
59177840665
59177840666
59177840667
59177840668
59177840669
59177840670
59177840671
59177840672
59177840673
59177840674
59177840675
59177840676
59177840677
59177840678
59177840679
59177840680
59177840681
59177840682
59177840683
59177840684
59177840685
59177840686
59177840687
59177840688
59177840689
59177840690
59177840691
59177840692
59177840693
59177840694
59177840695
59177840696
59177840697
59177840698
59177840699
59177840700
59177840701
59177840702
59177840703
59177840704
59177840705
59177840706
59177840707
59177840708
59177840709
59177840710
59177840711
59177840712
59177840713
59177840714
59177840715
59177840716
59177840717
59177840718
59177840719
59177840720
59177840721
59177840722
59177840723
59177840724
59177840725
59177840726
59177840727
59177840728
59177840729
59177840730
59177840731
59177840732
59177840733
59177840734
59177840735
59177840736
59177840737
59177840738
59177840739
59177840740
59177840741
59177840742
59177840743
59177840744
59177840745
59177840746
59177840747
59177840748
59177840749
59177840750
59177840751
59177840752
59177840753
59177840754
59177840755
59177840756
59177840757
59177840758
59177840759
59177840760
59177840761
59177840762
59177840763
59177840764
59177840765
59177840766
59177840767
59177840768
59177840769
59177840770
59177840771
59177840772
59177840773
59177840774
59177840775
59177840776
59177840777
59177840778
59177840779
59177840780
59177840781
59177840782
59177840783
59177840784
59177840785
59177840786
59177840787
59177840788
59177840789
59177840790
59177840791
59177840792
59177840793
59177840794
59177840795
59177840796
59177840797
59177840798
59177840799
59177840800
59177840801
59177840802
59177840803
59177840804
59177840805
59177840806
59177840807
59177840808
59177840809
59177840810
59177840811
59177840812
59177840813
59177840814
59177840815
59177840816
59177840817
59177840818
59177840819
59177840820
59177840821
59177840822
59177840823
59177840824
59177840825
59177840826
59177840827
59177840828
59177840829
59177840830
59177840831
59177840832
59177840833
59177840834
59177840835
59177840836
59177840837
59177840838
59177840839
59177840840
59177840841
59177840842
59177840843
59177840844
59177840845
59177840846
59177840847
59177840848
59177840849
59177840850
59177840851
59177840852
59177840853
59177840854
59177840855
59177840856
59177840857
59177840858
59177840859
59177840860
59177840861
59177840862
59177840863
59177840864
59177840865
59177840866
59177840867
59177840868
59177840869
59177840870
59177840871
59177840872
59177840873
59177840874
59177840875
59177840876
59177840877
59177840878
59177840879
59177840880
59177840881
59177840882
59177840883
59177840884
59177840885
59177840886
59177840887
59177840888
59177840889
59177840890
59177840891
59177840892
59177840893
59177840894
59177840895
59177840896
59177840897
59177840898
59177840899
59177840900
59177840901
59177840902
59177840903
59177840904
59177840905
59177840906
59177840907
59177840908
59177840909
59177840910
59177840911
59177840912
59177840913
59177840914
59177840915
59177840916
59177840917
59177840918
59177840919
59177840920
59177840921
59177840922
59177840923
59177840924
59177840925
59177840926
59177840927
59177840928
59177840929
59177840930
59177840931
59177840932
59177840933
59177840934
59177840935
59177840936
59177840937
59177840938
59177840939
59177840940
59177840941
59177840942
59177840943
59177840944
59177840945
59177840946
59177840947
59177840948
59177840949
59177840950
59177840951
59177840952
59177840953
59177840954
59177840955
59177840956
59177840957
59177840958
59177840959
59177840960
59177840961
59177840962
59177840963
59177840964
59177840965
59177840966
59177840967
59177840968
59177840969
59177840970
59177840971
59177840972
59177840973
59177840974
59177840975
59177840976
59177840977
59177840978
59177840979
59177840980
59177840981
59177840982
59177840983
59177840984
59177840985
59177840986
59177840987
59177840988
59177840989
59177840990
59177840991
59177840992
59177840993
59177840994
59177840995
59177840996
59177840997
59177840998
59177840999
59177841000
59177841001
59177841002
59177841003
59177841004
59177841005
59177841006
59177841007
59177841008
59177841009
59177841010
59177841011
59177841012
59177841013
59177841014
59177841015
59177841016
59177841017
59177841018
59177841019
59177841020
59177841021
59177841022
59177841023
59177841024
59177841025
59177841026
59177841027
59177841028
59177841029
59177841030
59177841031
59177841032
59177841033
59177841034
59177841035
59177841036
59177841037
59177841038
59177841039
59177841040
59177841041
59177841042
59177841043
59177841044
59177841045
59177841046
59177841047
59177841048
59177841049
59177841050
59177841051
59177841052
59177841053
59177841054
59177841055
59177841056
59177841057
59177841058
59177841059
59177841060
59177841061
59177841062
59177841063
59177841064
59177841065
59177841066
59177841067
59177841068
59177841069
59177841070
59177841071
59177841072
59177841073
59177841074
59177841075
59177841076
59177841077
59177841078
59177841079
59177841080
59177841081
59177841082
59177841083
59177841084
59177841085
59177841086
59177841087
59177841088
59177841089
59177841090
59177841091
59177841092
59177841093
59177841094
59177841095
59177841096
59177841097
59177841098
59177841099
59177841100
59177841101
59177841102
59177841103
59177841104
59177841105
59177841106
59177841107
59177841108
59177841109
59177841110
59177841111
59177841112
59177841113
59177841114
59177841115
59177841116
59177841117
59177841118
59177841119
59177841120
59177841121
59177841122
59177841123
59177841124
59177841125
59177841126
59177841127
59177841128
59177841129
59177841130
59177841131
59177841132
59177841133
59177841134
59177841135
59177841136
59177841137
59177841138
59177841139
59177841140
59177841141
59177841142
59177841143
59177841144
59177841145
59177841146
59177841147
59177841148
59177841149
59177841150
59177841151
59177841152
59177841153
59177841154
59177841155
59177841156
59177841157
59177841158
59177841159
59177841160
59177841161
59177841162
59177841163
59177841164
59177841165
59177841166
59177841167
59177841168
59177841169
59177841170
59177841171
59177841172
59177841173
59177841174
59177841175
59177841176
59177841177
59177841178
59177841179
59177841180
59177841181
59177841182
59177841183
59177841184
59177841185
59177841186
59177841187
59177841188
59177841189
59177841190
59177841191
59177841192
59177841193
59177841194
59177841195
59177841196
59177841197
59177841198
59177841199
59177841200
59177841201
59177841202
59177841203
59177841204
59177841205
59177841206
59177841207
59177841208
59177841209
59177841210
59177841211
59177841212
59177841213
59177841214
59177841215
59177841216
59177841217
59177841218
59177841219
59177841220
59177841221
59177841222
59177841223
59177841224
59177841225
59177841226
59177841227
59177841228
59177841229
59177841230
59177841231
59177841232
59177841233
59177841234
59177841235
59177841236
59177841237
59177841238
59177841239
59177841240
59177841241
59177841242
59177841243
59177841244
59177841245
59177841246
59177841247
59177841248
59177841249
59177841250
59177841251
59177841252
59177841253
59177841254
59177841255
59177841256
59177841257
59177841258
59177841259
59177841260
59177841261
59177841262
59177841263
59177841264
59177841265
59177841266
59177841267
59177841268
59177841269
59177841270
59177841271
59177841272
59177841273
59177841274
59177841275
59177841276
59177841277
59177841278
59177841279
59177841280
59177841281
59177841282
59177841283
59177841284
59177841285
59177841286
59177841287
59177841288
59177841289
59177841290
59177841291
59177841292
59177841293
59177841294
59177841295
59177841296
59177841297
59177841298
59177841299
59177841300
59177841301
59177841302
59177841303
59177841304
59177841305
59177841306
59177841307
59177841308
59177841309
59177841310
59177841311
59177841312
59177841313
59177841314
59177841315
59177841316
59177841317
59177841318
59177841319
59177841320
59177841321
59177841322
59177841323
59177841324
59177841325
59177841326
59177841327
59177841328
59177841329
59177841330
59177841331
59177841332
59177841333
59177841334
59177841335
59177841336
59177841337
59177841338
59177841339
59177841340
59177841341
59177841342
59177841343
59177841344
59177841345
59177841346
59177841347
59177841348
59177841349
59177841350
59177841351
59177841352
59177841353
59177841354
59177841355
59177841356
59177841357
59177841358
59177841359
59177841360
59177841361
59177841362
59177841363
59177841364
59177841365
59177841366
59177841367
59177841368
59177841369
59177841370
59177841371
59177841372
59177841373
59177841374
59177841375
59177841376
59177841377
59177841378
59177841379
59177841380
59177841381
59177841382
59177841383
59177841384
59177841385
59177841386
59177841387
59177841388
59177841389
59177841390
59177841391
59177841392
59177841393
59177841394
59177841395
59177841396
59177841397
59177841398
59177841399
59177841400
59177841401
59177841402
59177841403
59177841404
59177841405
59177841406
59177841407
59177841408
59177841409
59177841410
59177841411
59177841412
59177841413
59177841414
59177841415
59177841416
59177841417
59177841418
59177841419
59177841420
59177841421
59177841422
59177841423
59177841424
59177841425
59177841426
59177841427
59177841428
59177841429
59177841430
59177841431
59177841432
59177841433
59177841434
59177841435
59177841436
59177841437
59177841438
59177841439
59177841440
59177841441
59177841442
59177841443
59177841444
59177841445
59177841446
59177841447
59177841448
59177841449
59177841450
59177841451
59177841452
59177841453
59177841454
59177841455
59177841456
59177841457
59177841458
59177841459
59177841460
59177841461
59177841462
59177841463
59177841464
59177841465
59177841466
59177841467
59177841468
59177841469
59177841470
59177841471
59177841472
59177841473
59177841474
59177841475
59177841476
59177841477
59177841478
59177841479
59177841480
59177841481
59177841482
59177841483
59177841484
59177841485
59177841486
59177841487
59177841488
59177841489
59177841490
59177841491
59177841492
59177841493
59177841494
59177841495
59177841496
59177841497
59177841498
59177841499
59177841500
59177841501
59177841502
59177841503
59177841504
59177841505
59177841506
59177841507
59177841508
59177841509
59177841510
59177841511
59177841512
59177841513
59177841514
59177841515
59177841516
59177841517
59177841518
59177841519
59177841520
59177841521
59177841522
59177841523
59177841524
59177841525
59177841526
59177841527
59177841528
59177841529
59177841530
59177841531
59177841532
59177841533
59177841534
59177841535
59177841536
59177841537
59177841538
59177841539
59177841540
59177841541
59177841542
59177841543
59177841544
59177841545
59177841546
59177841547
59177841548
59177841549
59177841550
59177841551
59177841552
59177841553
59177841554
59177841555
59177841556
59177841557
59177841558
59177841559
59177841560
59177841561
59177841562
59177841563
59177841564
59177841565
59177841566
59177841567
59177841568
59177841569
59177841570
59177841571
59177841572
59177841573
59177841574
59177841575
59177841576
59177841577
59177841578
59177841579
59177841580
59177841581
59177841582
59177841583
59177841584
59177841585
59177841586
59177841587
59177841588
59177841589
59177841590
59177841591
59177841592
59177841593
59177841594
59177841595
59177841596
59177841597
59177841598
59177841599
59177841600
59177841601
59177841602
59177841603
59177841604
59177841605
59177841606
59177841607
59177841608
59177841609
59177841610
59177841611
59177841612
59177841613
59177841614
59177841615
59177841616
59177841617
59177841618
59177841619
59177841620
59177841621
59177841622
59177841623
59177841624
59177841625
59177841626
59177841627
59177841628
59177841629
59177841630
59177841631
59177841632
59177841633
59177841634
59177841635
59177841636
59177841637
59177841638
59177841639
59177841640
59177841641
59177841642
59177841643
59177841644
59177841645
59177841646
59177841647
59177841648
59177841649
59177841650
59177841651
59177841652
59177841653
59177841654
59177841655
59177841656
59177841657
59177841658
59177841659
59177841660
59177841661
59177841662
59177841663
59177841664
59177841665
59177841666
59177841667
59177841668
59177841669
59177841670
59177841671
59177841672
59177841673
59177841674
59177841675
59177841676
59177841677
59177841678
59177841679
59177841680

# COPY DONE UP 9517784160 !
